0 0
1 0
2 0
3 0
4 0
5 0
6 0
7 0
8 0
9 0
10 0
11 0
12 0
13 0
14 0
15 0
16 0
17 0
18 0
19 0
20 0
21 0
22 0
23 0
24 0
25 0
26 0
27 0
28 0
29 0
30 0
31 0
32 0
33 0
34 0
35 0
36 0
37 0
38 0
39 0
40 0
41 0
42 0
43 0
44 0
45 0
46 0
47 0
48 0
49 0
50 0
51 0
52 0
53 0
54 0
55 0
56 0
57 0
58 0
59 0
60 0
61 0
62 0
63 0
64 0
65 0
66 0
67 0
68 0
69 0
70 0
71 0
72 0
73 0
74 0
75 0
76 0
77 0
78 0
79 0
80 0
81 0
82 0
83 0
84 0
85 0
86 0
87 0
88 0
89 0
90 0
91 0
92 0
93 0
94 0
95 0
96 0
97 0
98 0
99 0
100 0
101 0
102 0
103 0
104 0
105 0
106 0
107 0
108 0
109 0
110 0
111 0
112 0
113 0
114 0
115 0
116 0
117 0
118 0
119 0
120 0
121 0
122 0
123 0
124 0
125 0
126 0
127 0
128 0
129 0
130 0
131 0
132 0
133 0
134 0
135 0
136 0
137 0
138 0
139 0
140 0
141 0
142 0
143 0
144 0
145 0
146 0
147 0
148 0
149 0
150 0
151 0
152 0
153 0
154 0
155 0
156 0
157 0
158 0
159 0
160 0
161 0
162 0
163 0
164 0
165 0
166 0
167 0
168 0
169 0
170 0
171 0
172 0
173 0
174 0
175 0
176 0
177 0
178 0
179 0
180 0
181 0
182 0
183 0
184 0
185 0
186 0
187 0
188 0
189 0
190 0
191 0
192 0
193 0
194 0
195 0
196 0
197 0
198 0
199 0
200 0
201 0
202 0
203 0
204 0
205 0
206 0
207 0
208 0
209 0
210 0
211 0
212 0
213 0
214 0
215 0
216 0
217 0
218 0
219 0
220 0
221 0
222 0
223 0
224 0
225 0
226 0
227 0
228 0
229 0
230 0
231 0
232 0
233 0
234 0
235 0
236 0
237 0
238 0
239 0
240 0
241 0
242 0
243 0
244 0
245 0
246 0
247 0
248 0
249 0
250 0
251 0
252 0
253 0
254 0
255 0
256 0
257 0
258 0
259 0
260 0
261 0
262 0
263 0
264 0
265 0
266 0
267 0
268 0
269 0
270 0
271 0
272 0
273 0
274 0
275 0
276 0
277 0
278 0
279 0
280 0
281 0
282 0
283 0
284 0
285 0
286 0
287 0
288 0
289 0
290 0
291 0
292 0
293 0
294 0
295 0
296 0
297 0
298 0
299 0
300 0
301 0
302 0
303 0
304 0
305 0
306 0
307 0
308 0
309 0
310 0
311 0
312 0
313 0
314 0
315 0
316 0
317 0
318 0
319 0
320 0
321 0
322 0
323 0
324 0
325 0
326 0
327 0
328 0
329 0
330 0
331 0
332 0
333 0
334 0
335 0
336 0
337 0
338 0
339 0
340 0
341 0
342 0
343 0
344 0
345 0
346 0
347 0
348 0
349 0
350 0
351 0
352 0
353 0
354 0
355 0
356 0
357 0
358 0
359 0
360 0
361 0
362 0
363 0
364 0
365 0
366 0
367 0
368 0
369 0
370 0
371 0
372 0
373 0
374 0
375 0
376 0
377 0
378 0
379 0
380 0
381 0
382 0
383 0
384 0
385 0
386 0
387 0
388 0
389 0
390 0
391 0
392 0
393 0
394 0
395 0
396 0
397 0
398 0
399 0
400 0
401 0
402 0
403 0
404 0
405 0
406 0
407 0
408 0
409 0
410 0
411 0
412 0
413 0
414 0
415 0
416 0
417 0
418 0
419 0
420 0
421 0
422 0
423 0
424 0
425 0
426 0
427 0
428 0
429 0
430 0
431 0
432 0
433 0
434 0
435 0
436 0
437 0
438 0
439 0
440 0
441 0
442 0
443 0
444 0
445 0
446 0
447 0
448 0
449 0
450 0
451 0
452 0
453 0
454 0
455 0
456 0
457 0
458 0
459 0
460 0
461 0
462 0
463 0
464 0
465 0
466 0
467 0
468 0
469 0
470 0
471 0
472 0
473 0
474 0
475 0
476 0
477 0
478 0
479 0
480 0
481 0
482 0
483 0
484 0
485 0
486 0
487 0
488 0
489 0
490 0
491 0
492 0
493 0
494 0
495 0
496 0
497 0
498 0
499 0
500 0.012224
501 0.0122384
502 0.0122599
503 0.0122742
504 0.0123388
505 0.0123459
506 0.0123674
507 0.012432
508 0.0124391
509 0.0124678
510 0.0125108
511 0.012561
512 0.0125969
513 0.0126112
514 0.012647
515 0.0126542
516 0.0126757
517 0.0127116
518 0.0127474
519 0.0127833
520 0.0128335
521 0.0128478
522 0.0128693
523 0.0128836
524 0.0129195
525 0.0129338
526 0.0129625
527 0.012984
528 0.0129984
529 0.0130127
530 0.0130485
531 0.01307
532 0.0131059
533 0.0131346
534 0.0131704
535 0.0132063
536 0.0132349
537 0.0132565
538 0.0132923
539 0.0133282
540 0.0133497
541 0.0133783
542 0.0134142
543 0.0134429
544 0.0134715
545 0.0135002
546 0.0135361
547 0.0135504
548 0.0135863
549 0.0136508
550 0.013701
551 0.0137512
552 0.013787
553 0.01383
554 0.0138587
555 0.0138659
556 0.0138802
557 0.0139232
558 0.0139519
559 0.0139806
560 0.0139806
561 0.0139877
562 0.0140093
563 0.0140523
564 0.014124
565 0.014167
566 0.0141957
567 0.0142387
568 0.0142602
569 0.0143175
570 0.0143606
571 0.0143964
572 0.0144179
573 0.0144538
574 0.0144824
575 0.0145111
576 0.0145398
577 0.0145972
578 0.014633
579 0.0146545
580 0.014676
581 0.0147119
582 0.0147477
583 0.0147764
584 0.0147907
585 0.0148194
586 0.0148553
587 0.0148839
588 0.0148911
589 0.014927
590 0.0149843
591 0.015013
592 0.0150488
593 0.0151062
594 0.0151564
595 0.0151922
596 0.0152424
597 0.0152783
598 0.0153356
599 0.0153428
600 0.0153715
601 0.0154288
602 0.0154718
603 0.0155292
604 0.0155579
605 0.0156152
606 0.0156582
607 0.0157013
608 0.0157371
609 0.0157873
610 0.0158447
611 0.0159379
612 0.0159737
613 0.0160239
614 0.0160741
615 0.0161028
616 0.0162031
617 0.0162677
618 0.016325
619 0.0163824
620 0.0164827
621 0.0165616
622 0.0166548
623 0.016748
624 0.0168627
625 0.0169631
626 0.0170205
627 0.0171065
628 0.0172571
629 0.017422
630 0.0175438
631 0.0177087
632 0.0178521
633 0.0180457
634 0.0183181
635 0.0185619
636 0.0187627
637 0.0190136
638 0.0192502
639 0.0196302
640 0.0200102
641 0.0204332
642 0.0207773
643 0.021358
644 0.0218957
645 0.0225625
646 0.0231289
647 0.0236809
648 0.0244051
649 0.0251077
650 0.0259824
651 0.0268571
652 0.0277317
653 0.0285562
654 0.0296173
655 0.0308361
656 0.0321123
657 0.0333957
658 0.0347077
659 0.036034
660 0.0374321
661 0.0391241
662 0.0408806
663 0.0427806
664 0.0445658
665 0.0465876
666 0.0486739
667 0.0508033
668 0.0531764
669 0.0554921
670 0.0580732
671 0.0607259
672 0.0637156
673 0.0666049
674 0.0694512
675 0.0726918
676 0.0758249
677 0.0788863
678 0.0824209
679 0.085934
680 0.0900063
681 0.0938133
682 0.0975629
683 0.10147
684 0.105449
685 0.109608
686 0.113673
687 0.11801
688 0.122463
689 0.127101
690 0.132163
691 0.137017
692 0.141806
693 0.146724
694 0.151743
695 0.157199
696 0.162469
697 0.16781
698 0.173352
699 0.178715
700 0.184106
701 0.189706
702 0.195441
703 0.201134
704 0.206913
705 0.213078
706 0.219043
707 0.225446
708 0.231927
709 0.238423
710 0.245334
711 0.252059
712 0.259121
713 0.266706
714 0.274034
715 0.281992
716 0.2899
717 0.298288
718 0.306763
719 0.31599
720 0.32526
721 0.33438
722 0.343772
723 0.353881
724 0.363703
725 0.374414
726 0.385577
727 0.396711
728 0.407996
729 0.419941
730 0.432208
731 0.444676
732 0.457294
733 0.470629
734 0.484273
735 0.497436
736 0.511324
737 0.525175
738 0.539442
739 0.55348
740 0.56731
741 0.581714
742 0.596519
743 0.611503
744 0.626007
745 0.640404
746 0.654779
747 0.669698
748 0.683844
749 0.698534
750 0.713282
751 0.727406
752 0.742118
753 0.757296
754 0.771671
755 0.786569
756 0.800385
757 0.815175
758 0.829622
759 0.843696
760 0.857791
761 0.871987
762 0.886562
763 0.900708
764 0.914774
765 0.929314
766 0.943488
767 0.957584
768 0.972152
769 0.986398
770 1.00007
771 1.01357
772 1.02748
773 1.04192
774 1.05612
775 1.06952
776 1.08394
777 1.09765
778 1.11179
779 1.12564
780 1.13925
781 1.1532
782 1.16722
783 1.1816
784 1.19504
785 1.2082
786 1.22159
787 1.23421
788 1.24754
789 1.26164
790 1.27564
791 1.28901
792 1.30179
793 1.31573
794 1.32937
795 1.34346
796 1.35696
797 1.37009
798 1.38348
799 1.39694
800 1.41004
801 1.42291
802 1.43611
803 1.44927
804 1.462
805 1.47519
806 1.48851
807 1.50122
808 1.51445
809 1.52754
810 1.54082
811 1.55354
812 1.56659
813 1.57959
814 1.59212
815 1.60509
816 1.61798
817 1.63118
818 1.64385
819 1.65632
820 1.66935
821 1.68214
822 1.69503
823 1.70752
824 1.72003
825 1.73264
826 1.74484
827 1.75766
828 1.77007
829 1.78257
830 1.79436
831 1.80609
832 1.81839
833 1.83065
834 1.84304
835 1.85496
836 1.86667
837 1.87894
838 1.89145
839 1.90311
840 1.91507
841 1.92727
842 1.93939
843 1.95124
844 1.9629
845 1.9748
846 1.98732
847 1.99917
848 2.01105
849 2.02226
850 2.03327
851 2.04434
852 2.05549
853 2.06734
854 2.07898
855 2.09045
856 2.10171
857 2.1131
858 2.12419
859 2.13557
860 2.14686
861 2.15819
862 2.16928
863 2.18029
864 2.19121
865 2.20195
866 2.21284
867 2.22366
868 2.23455
869 2.24535
870 2.25565
871 2.26633
872 2.27693
873 2.2876
874 2.29783
875 2.30848
876 2.31918
877 2.32975
878 2.34004
879 2.34996
880 2.36004
881 2.37058
882 2.38069
883 2.39075
884 2.40054
885 2.41007
886 2.41997
887 2.42965
888 2.43925
889 2.44876
890 2.45857
891 2.46779
892 2.477
893 2.48603
894 2.49534
895 2.50395
896 2.51338
897 2.52177
898 2.53026
899 2.53892
900 2.54775
901 2.55639
902 2.56475
903 2.57316
904 2.58152
905 2.58942
906 2.59757
907 2.60538
908 2.61298
909 2.62038
910 2.6279
911 2.63527
912 2.64302
913 2.65042
914 2.65714
915 2.66426
916 2.67162
917 2.67854
918 2.68536
919 2.69224
920 2.69894
921 2.70582
922 2.71225
923 2.71855
924 2.72494
925 2.73126
926 2.73734
927 2.74342
928 2.74997
929 2.75611
930 2.76205
931 2.76793
932 2.77384
933 2.77953
934 2.78533
935 2.79116
936 2.79662
937 2.80202
938 2.80756
939 2.81296
940 2.8183
941 2.82358
942 2.8289
943 2.83411
944 2.83953
945 2.84475
946 2.84966
947 2.85491
948 2.85998
949 2.86463
950 2.86969
951 2.87461
952 2.87963
953 2.88456
954 2.88944
955 2.89445
956 2.89915
957 2.90415
958 2.90922
959 2.91412
960 2.91937
961 2.92413
962 2.92902
963 2.93365
964 2.93832
965 2.94319
966 2.94805
967 2.95264
968 2.95737
969 2.96205
970 2.9666
971 2.97127
972 2.97566
973 2.98053
974 2.98527
975 2.9897
976 2.99394
977 2.99854
978 3.00308
979 3.00771
980 3.01219
981 3.01691
982 3.02148
983 3.02576
984 3.03003
985 3.03449
986 3.03873
987 3.04316
988 3.0477
989 3.0522
990 3.05641
991 3.06073
992 3.06506
993 3.06996
994 3.07417
995 3.07844
996 3.08264
997 3.08683
998 3.09093
999 3.09511
1000 3.09945
1001 3.10383
1002 3.10819
1003 3.11243
1004 3.11677
1005 3.12087
1006 3.12489
1007 3.12892
1008 3.13288
1009 3.13713
1010 3.14162
1011 3.14584
1012 3.14999
1013 3.15433
1014 3.15858
1015 3.16282
1016 3.16709
1017 3.17108
1018 3.17517
1019 3.17908
1020 3.18318
1021 3.18735
1022 3.19158
1023 3.19588
1024 3.20008
1025 3.20435
1026 3.20818
1027 3.21243
1028 3.21649
1029 3.22054
1030 3.22447
1031 3.22873
1032 3.23293
1033 3.23665
1034 3.24079
1035 3.24473
1036 3.24898
1037 3.25296
1038 3.25712
1039 3.26121
1040 3.26536
1041 3.2693
1042 3.27325
1043 3.27731
1044 3.28151
1045 3.28579
1046 3.28967
1047 3.29377
1048 3.29776
1049 3.30174
1050 3.30569
1051 3.30964
1052 3.31365
1053 3.31758
1054 3.3212
1055 3.32518
1056 3.32927
1057 3.3332
1058 3.33686
1059 3.34082
1060 3.34476
1061 3.34897
1062 3.35277
1063 3.35663
1064 3.36053
1065 3.36444
1066 3.36847
1067 3.37226
1068 3.37612
1069 3.38
1070 3.38354
1071 3.38745
1072 3.39149
1073 3.39538
1074 3.3993
1075 3.4033
1076 3.4074
1077 3.41131
1078 3.41486
1079 3.41861
1080 3.42241
1081 3.42617
1082 3.4302
1083 3.4344
1084 3.4383
1085 3.44215
1086 3.44579
1087 3.44961
1088 3.45338
1089 3.45729
1090 3.46132
1091 3.46519
1092 3.46927
1093 3.47309
1094 3.47671
1095 3.48066
1096 3.48467
1097 3.48838
1098 3.49198
1099 3.49573
1100 3.49945
1101 3.50307
1102 3.50675
1103 3.51059
1104 3.51434
1105 3.51839
1106 3.52237
1107 3.52595
1108 3.52983
1109 3.53325
1110 3.53682
1111 3.54099
1112 3.54437
1113 3.5483
1114 3.55233
1115 3.55615
1116 3.56012
1117 3.56409
1118 3.56746
1119 3.57108
1120 3.57472
1121 3.57847
1122 3.58228
1123 3.5858
1124 3.58982
1125 3.59345
1126 3.59685
1127 3.60082
1128 3.60442
1129 3.60826
1130 3.61222
1131 3.61582
1132 3.61958
1133 3.62342
1134 3.62735
1135 3.63086
1136 3.63469
1137 3.63881
1138 3.6424
1139 3.64605
1140 3.64985
1141 3.65391
1142 3.65759
1143 3.66133
1144 3.66502
1145 3.66863
1146 3.67246
1147 3.67635
1148 3.68015
1149 3.68339
1150 3.68709
1151 3.69067
1152 3.69419
1153 3.69773
1154 3.70155
1155 3.70517
1156 3.70857
1157 3.71225
1158 3.71612
1159 3.7199
1160 3.72343
1161 3.72732
1162 3.73107
1163 3.73449
1164 3.73818
1165 3.7417
1166 3.7452
1167 3.7488
1168 3.7521
1169 3.75572
1170 3.75933
1171 3.76302
1172 3.76641
1173 3.77017
1174 3.77368
1175 3.77734
1176 3.78069
1177 3.78465
1178 3.78844
1179 3.79211
1180 3.7959
1181 3.79981
1182 3.80345
1183 3.80746
1184 3.81117
1185 3.81463
1186 3.8181
1187 3.82189
1188 3.82562
1189 3.82954
1190 3.8334
1191 3.83695
1192 3.84087
1193 3.84484
1194 3.84824
1195 3.85206
1196 3.85551
1197 3.85906
1198 3.86248
1199 3.86596
1200 3.8695
1201 3.87338
1202 3.87699
1203 3.88038
1204 3.88416
1205 3.88793
1206 3.89144
1207 3.89526
1208 3.899
1209 3.90262
1210 3.90632
1211 3.91013
1212 3.91406
1213 3.91764
1214 3.92155
1215 3.92545
1216 3.92915
1217 3.93289
1218 3.93677
1219 3.94081
1220 3.94468
1221 3.94837
1222 3.95226
1223 3.95609
1224 3.9598
1225 3.96366
1226 3.96726
1227 3.97092
1228 3.97484
1229 3.97885
1230 3.98244
1231 3.98636
1232 3.99043
1233 3.99421
1234 3.9981
1235 4.00184
1236 4.00556
1237 4.00934
1238 4.01347
1239 4.01723
1240 4.02091
1241 4.02484
1242 4.02871
1243 4.03281
1244 4.0365
1245 4.04014
1246 4.04396
1247 4.04787
1248 4.05171
1249 4.05539
1250 4.05906
1251 4.06274
1252 4.06658
1253 4.07076
1254 4.07447
1255 4.07821
1256 4.08233
1257 4.08629
1258 4.09027
1259 4.09399
1260 4.09775
1261 4.10152
1262 4.1054
1263 4.10919
1264 4.11281
1265 4.11659
1266 4.12033
1267 4.12437
1268 4.12826
1269 4.13244
1270 4.13615
1271 4.14014
1272 4.14397
1273 4.14819
1274 4.15222
1275 4.15608
1276 4.15995
1277 4.1636
1278 4.1676
1279 4.17162
1280 4.17536
1281 4.17918
1282 4.1829
1283 4.18673
1284 4.1907
1285 4.19473
1286 4.19875
1287 4.20234
1288 4.2062
1289 4.2102
1290 4.21416
1291 4.21826
1292 4.22218
1293 4.22606
1294 4.23017
1295 4.23411
1296 4.23797
1297 4.24194
1298 4.24613
1299 4.2499
1300 4.25378
1301 4.25795
1302 4.26201
1303 4.26599
1304 4.26978
1305 4.27382
1306 4.27788
1307 4.28174
1308 4.28556
1309 4.28948
1310 4.29326
1311 4.29721
1312 4.30124
1313 4.30534
1314 4.30937
1315 4.31377
1316 4.3178
1317 4.32149
1318 4.32546
1319 4.32936
1320 4.33325
1321 4.33684
1322 4.34045
1323 4.34392
1324 4.34772
1325 4.35154
1326 4.35529
1327 4.35906
1328 4.36335
1329 4.3674
1330 4.37134
1331 4.3754
1332 4.37922
1333 4.38289
1334 4.38659
1335 4.39025
1336 4.39407
1337 4.39763
1338 4.40145
1339 4.4054
1340 4.40938
1341 4.41315
1342 4.41713
1343 4.42107
1344 4.42526
1345 4.42907
1346 4.43298
1347 4.4368
1348 4.44064
1349 4.44456
1350 4.44829
1351 4.45202
1352 4.45603
1353 4.45975
1354 4.46365
1355 4.46725
1356 4.47107
1357 4.4749
1358 4.47872
1359 4.4825
1360 4.48638
1361 4.49027
1362 4.49428
1363 4.49785
1364 4.50181
1365 4.50562
1366 4.50957
1367 4.51366
1368 4.5173
1369 4.52087
1370 4.52465
1371 4.52836
1372 4.53215
1373 4.53604
1374 4.53979
1375 4.54353
1376 4.54719
1377 4.55107
1378 4.55483
1379 4.5584
1380 4.56226
1381 4.56622
1382 4.56971
1383 4.57318
1384 4.57697
1385 4.58083
1386 4.58481
1387 4.58879
1388 4.59251
1389 4.59651
1390 4.60029
1391 4.60393
1392 4.60826
1393 4.61201
1394 4.61606
1395 4.61968
1396 4.62365
1397 4.62739
1398 4.63114
1399 4.63511
1400 4.63899
1401 4.64258
1402 4.64647
1403 4.65046
1404 4.65434
1405 4.65821
1406 4.6619
1407 4.66593
1408 4.66968
1409 4.67336
1410 4.67731
1411 4.68116
1412 4.68481
1413 4.68834
1414 4.69211
1415 4.69578
1416 4.69948
1417 4.70308
1418 4.70695
1419 4.71073
1420 4.71464
1421 4.71833
1422 4.72215
1423 4.72571
1424 4.72952
1425 4.73313
1426 4.73704
1427 4.74085
1428 4.74497
1429 4.74882
1430 4.75259
1431 4.75626
1432 4.76016
1433 4.76392
1434 4.76784
1435 4.77145
1436 4.77499
1437 4.7787
1438 4.78225
1439 4.78609
1440 4.78996
1441 4.79346
1442 4.79753
1443 4.80106
1444 4.80465
1445 4.80827
1446 4.81209
1447 4.81575
1448 4.81964
1449 4.82337
1450 4.82706
1451 4.83078
1452 4.83443
1453 4.83829
1454 4.84196
1455 4.8457
1456 4.84954
1457 4.85336
1458 4.85713
1459 4.8609
1460 4.86472
1461 4.86858
1462 4.87247
1463 4.87607
1464 4.87974
1465 4.88333
1466 4.88671
1467 4.89059
1468 4.89439
1469 4.89821
1470 4.90181
1471 4.9055
1472 4.90931
1473 4.9132
1474 4.91662
1475 4.91992
1476 4.92387
1477 4.92794
1478 4.93177
1479 4.9354
1480 4.93935
1481 4.94315
1482 4.9468
1483 4.95079
1484 4.95467
1485 4.95838
1486 4.96176
1487 4.9655
1488 4.96896
1489 4.97269
1490 4.97618
1491 4.98014
1492 4.9838
1493 4.98775
1494 4.99163
1495 4.99526
1496 4.99882
1497 5.00234
1498 5.00599
1499 5.00966
1500 5.01339
1501 5.01692
1502 5.02083
1503 5.02425
1504 5.02775
1505 5.03119
1506 5.03489
1507 5.03861
1508 5.04233
1509 5.04604
1510 5.04964
1511 5.05323
1512 5.05672
1513 5.06031
1514 5.06408
1515 5.06756
1516 5.07122
1517 5.07486
1518 5.07844
1519 5.08206
1520 5.08585
1521 5.08958
1522 5.09332
1523 5.09717
1524 5.10095
1525 5.10457
1526 5.10842
1527 5.11229
1528 5.11595
1529 5.11965
1530 5.12333
1531 5.12689
1532 5.13033
1533 5.1341
1534 5.1375
1535 5.14113
1536 5.14474
1537 5.14867
1538 5.15209
1539 5.15573
1540 5.15918
1541 5.16315
1542 5.16689
1543 5.17071
1544 5.17446
1545 5.1782
1546 5.18228
1547 5.18598
1548 5.18945
1549 5.19327
1550 5.19722
1551 5.20106
1552 5.20489
1553 5.20827
1554 5.21176
1555 5.21527
1556 5.21899
1557 5.22264
1558 5.22607
1559 5.22987
1560 5.23362
1561 5.23752
1562 5.2408
1563 5.24442
1564 5.24825
1565 5.25193
1566 5.25571
1567 5.25928
1568 5.26281
1569 5.26675
1570 5.27032
1571 5.27375
1572 5.27736
1573 5.28096
1574 5.28458
1575 5.28847
1576 5.29219
1577 5.29579
1578 5.29926
1579 5.30249
1580 5.30619
1581 5.3099
1582 5.31358
1583 5.31722
1584 5.32082
1585 5.32436
1586 5.32814
1587 5.33142
1588 5.3351
1589 5.33914
1590 5.34293
1591 5.34673
1592 5.35034
1593 5.35411
1594 5.35752
1595 5.3613
1596 5.3652
1597 5.36903
1598 5.37271
1599 5.37639
1600 5.37968
1601 5.38318
1602 5.3868
1603 5.39073
1604 5.39442
1605 5.39782
1606 5.40135
1607 5.40498
1608 5.40866
1609 5.41213
1610 5.41569
1611 5.41954
1612 5.42317
1613 5.427
1614 5.43062
1615 5.43414
1616 5.4376
1617 5.44115
1618 5.44465
1619 5.44816
1620 5.45147
1621 5.45523
1622 5.45872
1623 5.46259
1624 5.46622
1625 5.46994
1626 5.47335
1627 5.47689
1628 5.48024
1629 5.48372
1630 5.4869
1631 5.4905
1632 5.49398
1633 5.49736
1634 5.50109
1635 5.5048
1636 5.50827
1637 5.51191
1638 5.51544
1639 5.51927
1640 5.52273
1641 5.52643
1642 5.52979
1643 5.53343
1644 5.53703
1645 5.54057
1646 5.54399
1647 5.5474
1648 5.55102
1649 5.55441
1650 5.55836
1651 5.56185
1652 5.56537
1653 5.56889
1654 5.57256
1655 5.57596
1656 5.57952
1657 5.5829
1658 5.58647
1659 5.5901
1660 5.59361
1661 5.59749
1662 5.60101
1663 5.60442
1664 5.60793
1665 5.6117
1666 5.61536
1667 5.61864
1668 5.62199
1669 5.62549
1670 5.62895
1671 5.63257
1672 5.63622
1673 5.63972
1674 5.64351
1675 5.64736
1676 5.65071
1677 5.65408
1678 5.65777
1679 5.6615
1680 5.66513
1681 5.6684
1682 5.67188
1683 5.67536
1684 5.67902
1685 5.68269
1686 5.68616
1687 5.68974
1688 5.69325
1689 5.69675
1690 5.70023
1691 5.70344
1692 5.70718
1693 5.71062
1694 5.71419
1695 5.71761
1696 5.72125
1697 5.7249
1698 5.72829
1699 5.73188
1700 5.73532
1701 5.73883
1702 5.7423
1703 5.74592
1704 5.74962
1705 5.75319
1706 5.75694
1707 5.76029
1708 5.76374
1709 5.7673
1710 5.77118
1711 5.77457
1712 5.77834
1713 5.78201
1714 5.78576
1715 5.78958
1716 5.7933
1717 5.79671
1718 5.8004
1719 5.8039
1720 5.80763
1721 5.81114
1722 5.81475
1723 5.81846
1724 5.82179
1725 5.82526
1726 5.82862
1727 5.83196
1728 5.83544
1729 5.83899
1730 5.84239
1731 5.84605
1732 5.84959
1733 5.85342
1734 5.85727
1735 5.86089
1736 5.86439
1737 5.86769
1738 5.8711
1739 5.87468
1740 5.87835
1741 5.88199
1742 5.88567
1743 5.88909
1744 5.89263
1745 5.89635
1746 5.89985
1747 5.90339
1748 5.90659
1749 5.91013
1750 5.91366
1751 5.91715
1752 5.92072
1753 5.92427
1754 5.92772
1755 5.93115
1756 5.93461
1757 5.93805
1758 5.94176
1759 5.94541
1760 5.94884
1761 5.95219
1762 5.95567
1763 5.95882
1764 5.96216
1765 5.96567
1766 5.9688
1767 5.97202
1768 5.97559
1769 5.97918
1770 5.98269
1771 5.98613
1772 5.9895
1773 5.99287
1774 5.99621
1775 5.99988
1776 6.00358
1777 6.00707
1778 6.01065
1779 6.01419
1780 6.01787
1781 6.02156
1782 6.02483
1783 6.02814
1784 6.03138
1785 6.03487
1786 6.03859
1787 6.0419
1788 6.04537
1789 6.04885
1790 6.05231
1791 6.05612
1792 6.0596
1793 6.06317
1794 6.06683
1795 6.07056
1796 6.07391
1797 6.07718
1798 6.08073
1799 6.08395
1800 6.08727
1801 6.09072
1802 6.09432
1803 6.0977
1804 6.10101
1805 6.10438
1806 6.10782
1807 6.11114
1808 6.11478
1809 6.11841
1810 6.12212
1811 6.12547
1812 6.12906
1813 6.1324
1814 6.13579
1815 6.13949
1816 6.1432
1817 6.14673
1818 6.15026
1819 6.15376
1820 6.15714
1821 6.16077
1822 6.16414
1823 6.1678
1824 6.1714
1825 6.17514
1826 6.17876
1827 6.18238
1828 6.1861
1829 6.18975
1830 6.1933
1831 6.19647
1832 6.2
1833 6.20356
1834 6.20715
1835 6.21042
1836 6.21387
1837 6.21739
1838 6.22093
1839 6.22448
1840 6.22807
1841 6.23145
1842 6.2349
1843 6.23844
1844 6.24186
1845 6.24498
1846 6.24877
1847 6.25204
1848 6.25554
1849 6.25913
1850 6.26256
1851 6.26586
1852 6.26929
1853 6.27294
1854 6.27655
1855 6.28012
1856 6.28358
1857 6.28745
1858 6.29095
1859 6.29454
1860 6.29806
1861 6.30171
1862 6.30508
1863 6.30859
1864 6.31187
1865 6.31538
1866 6.319
1867 6.32269
1868 6.32608
1869 6.32984
1870 6.33297
1871 6.33667
1872 6.34008
1873 6.34349
1874 6.34684
1875 6.35041
1876 6.35397
1877 6.35741
1878 6.36079
1879 6.36439
1880 6.36759
1881 6.37101
1882 6.37434
1883 6.37793
1884 6.38093
1885 6.38431
1886 6.38764
1887 6.39137
1888 6.39484
1889 6.39816
1890 6.4015
1891 6.40504
1892 6.40878
1893 6.41233
1894 6.41588
1895 6.41903
1896 6.42228
1897 6.4256
1898 6.42909
1899 6.43282
1900 6.43634
1901 6.43981
1902 6.44331
1903 6.44675
1904 6.45038
1905 6.45378
1906 6.45739
1907 6.46096
1908 6.46443
1909 6.46795
1910 6.47163
1911 6.47534
1912 6.4789
1913 6.48245
1914 6.48576
1915 6.48905
1916 6.49264
1917 6.49631
1918 6.49979
1919 6.50327
1920 6.50715
1921 6.51076
1922 6.51407
1923 6.51798
1924 6.52114
1925 6.52462
1926 6.52793
1927 6.53148
1928 6.53503
1929 6.53851
1930 6.54204
1931 6.54564
1932 6.54919
1933 6.55278
1934 6.5561
1935 6.55976
1936 6.56298
1937 6.56656
1938 6.57018
1939 6.57363
1940 6.57726
1941 6.58103
1942 6.58451
1943 6.58796
1944 6.59146
1945 6.5952
1946 6.59871
1947 6.60227
1948 6.60576
1949 6.60947
1950 6.61301
1951 6.61641
1952 6.62006
1953 6.6235
1954 6.62702
1955 6.63041
1956 6.63402
1957 6.63732
1958 6.64089
1959 6.64445
1960 6.64798
1961 6.65153
1962 6.65509
1963 6.65839
1964 6.66192
1965 6.66568
1966 6.66934
1967 6.67279
1968 6.67644
1969 6.67981
1970 6.6833
1971 6.68703
1972 6.69038
1973 6.69417
1974 6.69799
1975 6.70162
1976 6.70535
1977 6.70924
1978 6.71292
1979 6.71669
1980 6.72003
1981 6.72343
1982 6.72703
1983 6.73042
1984 6.73376
1985 6.73733
1986 6.74071
1987 6.74428
1988 6.74762
1989 6.751
1990 6.75489
1991 6.75858
1992 6.7624
1993 6.766
1994 6.76942
1995 6.77283
1996 6.77612
1997 6.77969
1998 6.78282
1999 6.78625
2000 6.78991
2001 6.79321
2002 6.7965
2003 6.7998
2004 6.80323
2005 6.80691
2006 6.81028
2007 6.81358
2008 6.81706
2009 6.82071
2010 6.82461
2011 6.82816
2012 6.83143
2013 6.83495
2014 6.8384
2015 6.84194
2016 6.84536
2017 6.84836
2018 6.85179
2019 6.85549
2020 6.85902
2021 6.86241
2022 6.86611
2023 6.86948
2024 6.87293
2025 6.8767
2026 6.8803
2027 6.88394
2028 6.88744
2029 6.89094
2030 6.89426
2031 6.89772
2032 6.9014
2033 6.90511
2034 6.90898
2035 6.91244
2036 6.91601
2037 6.91986
2038 6.92329
2039 6.92649
2040 6.93011
2041 6.93341
2042 6.93675
2043 6.94027
2044 6.94364
2045 6.94706
2046 6.95042
2047 6.95393
2048 6.95738
2049 6.96116
2050 6.96462
2051 6.96801
2052 6.97168
2053 6.9751
2054 6.97894
2055 6.98245
2056 6.98583
2057 6.98947
2058 6.99286
2059 6.99657
2060 7.00018
2061 7.00335
2062 7.00705
2063 7.01036
2064 7.01383
2065 7.01737
2066 7.0207
2067 7.02435
2068 7.02785
2069 7.03161
2070 7.03529
2071 7.0389
2072 7.04231
2073 7.0457
2074 7.04945
2075 7.053
2076 7.05649
2077 7.05996
2078 7.0634
2079 7.06706
2080 7.07051
2081 7.07387
2082 7.0776
2083 7.08126
2084 7.08471
2085 7.08803
2086 7.09133
2087 7.09479
2088 7.09818
2089 7.10148
2090 7.10502
2091 7.10844
2092 7.11199
2093 7.11547
2094 7.11905
2095 7.12254
2096 7.12582
2097 7.12941
2098 7.13309
2099 7.13656
2100 7.14003
2101 7.14323
2102 7.14668
2103 7.15018
2104 7.1537
2105 7.15705
2106 7.16052
2107 7.16422
2108 7.1674
2109 7.171
2110 7.17458
2111 7.17792
2112 7.18136
2113 7.18501
2114 7.1885
2115 7.19191
2116 7.1952
2117 7.19873
2118 7.20213
2119 7.20553
2120 7.20869
2121 7.21229
2122 7.21584
2123 7.21946
2124 7.22285
2125 7.22605
2126 7.22924
2127 7.23263
2128 7.23621
2129 7.23979
2130 7.24339
2131 7.24693
2132 7.25039
2133 7.25365
2134 7.25732
2135 7.26066
2136 7.26431
2137 7.26809
2138 7.27131
2139 7.27481
2140 7.27872
2141 7.28203
2142 7.28562
2143 7.289
2144 7.29248
2145 7.29583
2146 7.2993
2147 7.3026
2148 7.30644
2149 7.30995
2150 7.31339
2151 7.31693
2152 7.3201
2153 7.32361
2154 7.32699
2155 7.33053
2156 7.33364
2157 7.3371
2158 7.3407
2159 7.34424
2160 7.34798
2161 7.35146
2162 7.35489
2163 7.35847
2164 7.3621
2165 7.36536
2166 7.36878
2167 7.37251
2168 7.37593
2169 7.37942
2170 7.38291
2171 7.38623
2172 7.3899
2173 7.39338
2174 7.39659
2175 7.40037
2176 7.40391
2177 7.40723
2178 7.4108
2179 7.41415
2180 7.41746
2181 7.42083
2182 7.42435
2183 7.42772
2184 7.43106
2185 7.4345
2186 7.43789
2187 7.44143
2188 7.4447
2189 7.44813
2190 7.45183
2191 7.4555
2192 7.45894
2193 7.4623
2194 7.46572
2195 7.46921
2196 7.47303
2197 7.47633
2198 7.4797
2199 7.48337
2200 7.48676
2201 7.4902
2202 7.49374
2203 7.49735
2204 7.50071
2205 7.50414
2206 7.50761
2207 7.51089
2208 7.51441
2209 7.51777
2210 7.52114
2211 7.5248
2212 7.52805
2213 7.53137
2214 7.5348
2215 7.53809
2216 7.5416
2217 7.54498
2218 7.54825
2219 7.55216
2220 7.55543
2221 7.5588
2222 7.56202
2223 7.56577
2224 7.56929
2225 7.57299
2226 7.57643
2227 7.57998
2228 7.58358
2229 7.58703
2230 7.59049
2231 7.59414
2232 7.59793
2233 7.60131
2234 7.60474
2235 7.60837
2236 7.61182
2237 7.61538
2238 7.61876
2239 7.62227
2240 7.6258
2241 7.62918
2242 7.63255
2243 7.63596
2244 7.6393
2245 7.64266
2246 7.64601
2247 7.64955
2248 7.65318
2249 7.6567
2250 7.66017
2251 7.66362
2252 7.66709
2253 7.67071
2254 7.67413
2255 7.6776
2256 7.68133
2257 7.68482
2258 7.68811
2259 7.69183
2260 7.69505
2261 7.69851
2262 7.70186
2263 7.70523
2264 7.70869
2265 7.71221
2266 7.71573
2267 7.71921
2268 7.7225
2269 7.72616
2270 7.72946
2271 7.7329
2272 7.73604
2273 7.73952
2274 7.74303
2275 7.74618
2276 7.74981
2277 7.75331
2278 7.75668
2279 7.7603
2280 7.76363
2281 7.76721
2282 7.77066
2283 7.77436
2284 7.77778
2285 7.78098
2286 7.78452
2287 7.78805
2288 7.79171
2289 7.79501
2290 7.79814
2291 7.80142
2292 7.80539
2293 7.80867
2294 7.81215
2295 7.8153
2296 7.81881
2297 7.82222
2298 7.82575
2299 7.82946
2300 7.83269
2301 7.83603
2302 7.83933
2303 7.84271
2304 7.84621
2305 7.84969
2306 7.85319
2307 7.85644
2308 7.86002
2309 7.86307
2310 7.86634
2311 7.87
2312 7.87361
2313 7.87718
2314 7.88052
2315 7.88414
2316 7.88743
2317 7.89073
2318 7.8943
2319 7.89762
2320 7.90108
2321 7.90448
2322 7.90778
2323 7.9112
2324 7.91469
2325 7.91817
2326 7.92169
2327 7.92507
2328 7.92862
2329 7.93215
2330 7.93557
2331 7.93919
2332 7.94253
2333 7.94604
2334 7.94938
2335 7.95276
2336 7.95622
2337 7.95971
2338 7.96297
2339 7.96645
2340 7.97011
2341 7.97327
2342 7.9769
2343 7.98006
2344 7.98358
2345 7.98695
2346 7.99032
2347 7.99387
2348 7.99724
2349 8.00072
2350 8.004
2351 8.00752
2352 8.01102
2353 8.01423
2354 8.01748
2355 8.02069
2356 8.02442
2357 8.0278
2358 8.03121
2359 8.03445
2360 8.03775
2361 8.04103
2362 8.04464
2363 8.04835
2364 8.05195
2365 8.05554
2366 8.05899
2367 8.06241
2368 8.06609
2369 8.0696
2370 8.07302
2371 8.07633
2372 8.08006
2373 8.08356
2374 8.08693
2375 8.09043
2376 8.09364
2377 8.09721
2378 8.10039
2379 8.10355
2380 8.10691
2381 8.11012
2382 8.11357
2383 8.11703
2384 8.12044
2385 8.12383
2386 8.12741
2387 8.13095
2388 8.13409
2389 8.13767
2390 8.14117
2391 8.14456
2392 8.14807
2393 8.15147
2394 8.15478
2395 8.15831
2396 8.16168
2397 8.1652
2398 8.16846
2399 8.17148
2400 8.175
2401 8.1784
2402 8.1815
2403 8.18464
2404 8.1879
2405 8.19099
2406 8.19466
2407 8.1981
2408 8.20142
2409 8.20488
2410 8.20836
2411 8.21173
2412 8.21533
2413 8.21858
2414 8.22191
2415 8.22533
2416 8.22895
2417 8.2324
2418 8.23592
2419 8.23921
2420 8.24266
2421 8.24614
2422 8.24953
2423 8.2529
2424 8.25625
2425 8.25963
2426 8.26297
2427 8.26649
2428 8.26958
2429 8.27293
2430 8.27635
2431 8.27998
2432 8.28326
2433 8.28679
2434 8.29019
2435 8.29373
2436 8.2971
2437 8.30067
2438 8.30417
2439 8.30791
2440 8.31115
2441 8.31439
2442 8.31752
2443 8.32093
2444 8.32409
2445 8.32761
2446 8.33105
2447 8.33451
2448 8.33802
2449 8.34116
2450 8.34471
2451 8.34799
2452 8.35119
2453 8.35462
2454 8.35811
2455 8.3611
2456 8.36445
2457 8.36796
2458 8.37135
2459 8.37451
2460 8.37764
2461 8.38107
2462 8.38448
2463 8.38777
2464 8.39108
2465 8.39446
2466 8.39762
2467 8.40122
2468 8.4047
2469 8.40801
2470 8.41143
2471 8.41504
2472 8.41856
2473 8.42189
2474 8.42523
2475 8.42859
2476 8.43215
2477 8.43577
2478 8.43918
2479 8.44273
2480 8.44584
2481 8.4494
2482 8.45298
2483 8.45641
2484 8.45992
2485 8.46293
2486 8.4664
2487 8.46961
2488 8.47311
2489 8.47661
2490 8.4802
2491 8.48367
2492 8.48694
2493 8.4902
2494 8.49346
2495 8.49679
2496 8.50021
2497 8.50361
2498 8.50708
2499 8.51087
2500 8.51465
2501 8.51824
2502 8.52174
2503 8.52518
2504 8.52849
2505 8.53172
2506 8.53501
2507 8.53836
2508 8.5419
2509 8.545
2510 8.54844
2511 8.55169
2512 8.55511
2513 8.55855
2514 8.56201
2515 8.56509
2516 8.56854
2517 8.57177
2518 8.57533
2519 8.57867
2520 8.58197
2521 8.5853
2522 8.58907
2523 8.59239
2524 8.59567
2525 8.59926
2526 8.60257
2527 8.60599
2528 8.60953
2529 8.61294
2530 8.61635
2531 8.61954
2532 8.62298
2533 8.6263
2534 8.62962
2535 8.63294
2536 8.63645
2537 8.63993
2538 8.64332
2539 8.64667
2540 8.65012
2541 8.65354
2542 8.65669
2543 8.65984
2544 8.66299
2545 8.66648
2546 8.66957
2547 8.67304
2548 8.67639
2549 8.67956
2550 8.68256
2551 8.68596
2552 8.68929
2553 8.69248
2554 8.69578
2555 8.69911
2556 8.70259
2557 8.70601
2558 8.70929
2559 8.7126
2560 8.71585
2561 8.71916
2562 8.72239
2563 8.72567
2564 8.72909
2565 8.73248
2566 8.73577
2567 8.7395
2568 8.74283
2569 8.7459
2570 8.74937
2571 8.75272
2572 8.75615
2573 8.75946
2574 8.76287
2575 8.76606
2576 8.76947
2577 8.77308
2578 8.77667
2579 8.78016
2580 8.78345
2581 8.78663
2582 8.79017
2583 8.79358
2584 8.79712
2585 8.80059
2586 8.80386
2587 8.80729
2588 8.81054
2589 8.81404
2590 8.81756
2591 8.82121
2592 8.82466
2593 8.82815
2594 8.83168
2595 8.83513
2596 8.83824
2597 8.84148
2598 8.84467
2599 8.84751
2600 8.85107
2601 8.85443
2602 8.85754
2603 8.86082
2604 8.86417
2605 8.86773
2606 8.8712
2607 8.87472
2608 8.87803
2609 8.88109
2610 8.88476
2611 8.88813
2612 8.89128
2613 8.89481
2614 8.89785
2615 8.90136
2616 8.90486
2617 8.90827
2618 8.91146
2619 8.91478
2620 8.9181
2621 8.92147
2622 8.92489
2623 8.92823
2624 8.93179
2625 8.93532
2626 8.93892
2627 8.94244
2628 8.94556
2629 8.94912
2630 8.95268
2631 8.95598
2632 8.95949
2633 8.96277
2634 8.96598
2635 8.96932
2636 8.9726
2637 8.9758
2638 8.97909
2639 8.9824
2640 8.98568
2641 8.98908
2642 8.99242
2643 8.99573
2644 8.99926
2645 9.00249
2646 9.00589
2647 9.00916
2648 9.01252
2649 9.01577
2650 9.01907
2651 9.02248
2652 9.02586
2653 9.02905
2654 9.03243
2655 9.03597
2656 9.03942
2657 9.04298
2658 9.04628
2659 9.04992
2660 9.05349
2661 9.05686
2662 9.06009
2663 9.06339
2664 9.06651
2665 9.0699
2666 9.07323
2667 9.07639
2668 9.07958
2669 9.08284
2670 9.08631
2671 9.08962
2672 9.09313
2673 9.09645
2674 9.09968
2675 9.10304
2676 9.10633
2677 9.10949
2678 9.11315
2679 9.11652
2680 9.12006
2681 9.12346
2682 9.12689
2683 9.1304
2684 9.1337
2685 9.1369
2686 9.14028
2687 9.14404
2688 9.14755
2689 9.15112
2690 9.15479
2691 9.15822
2692 9.1615
2693 9.16486
2694 9.16849
2695 9.17189
2696 9.17495
2697 9.17838
2698 9.18154
2699 9.18505
2700 9.18847
2701 9.19155
2702 9.19478
2703 9.19825
2704 9.20155
2705 9.20509
2706 9.20874
2707 9.21231
2708 9.2156
2709 9.21906
2710 9.22229
2711 9.22573
2712 9.22919
2713 9.23254
2714 9.23587
2715 9.23935
2716 9.2425
2717 9.24584
2718 9.24911
2719 9.25239
2720 9.25605
2721 9.25956
2722 9.26301
2723 9.26664
2724 9.26997
2725 9.27366
2726 9.27687
2727 9.27998
2728 9.2832
2729 9.2867
2730 9.28993
2731 9.29337
2732 9.29667
2733 9.29986
2734 9.30309
2735 9.30645
2736 9.30986
2737 9.31317
2738 9.31631
2739 9.31948
2740 9.32268
2741 9.32611
2742 9.32951
2743 9.33283
2744 9.33613
2745 9.33969
2746 9.34313
2747 9.3463
2748 9.34985
2749 9.35328
2750 9.35671
2751 9.35993
2752 9.36353
2753 9.36692
2754 9.37026
2755 9.37333
2756 9.37645
2757 9.37961
2758 9.38308
2759 9.38618
2760 9.38944
2761 9.39259
2762 9.39602
2763 9.39934
2764 9.40257
2765 9.40604
2766 9.40926
2767 9.41258
2768 9.41603
2769 9.4193
2770 9.42266
2771 9.42581
2772 9.42911
2773 9.43214
2774 9.43547
2775 9.43875
2776 9.44206
2777 9.44562
2778 9.44908
2779 9.45235
2780 9.45582
2781 9.45922
2782 9.46255
2783 9.46572
2784 9.46907
2785 9.47262
2786 9.47599
2787 9.4792
2788 9.48236
2789 9.48574
2790 9.48913
2791 9.4924
2792 9.4954
2793 9.49875
2794 9.50218
2795 9.5054
2796 9.50884
2797 9.51196
2798 9.51525
2799 9.51872
2800 9.52217
2801 9.52553
2802 9.52885
2803 9.53225
2804 9.53559
2805 9.53911
2806 9.5423
2807 9.54564
2808 9.54921
2809 9.55246
2810 9.55563
2811 9.55887
2812 9.56259
2813 9.56591
2814 9.56887
2815 9.57244
2816 9.57566
2817 9.57897
2818 9.58195
2819 9.58524
2820 9.58823
2821 9.59134
2822 9.59468
2823 9.59796
2824 9.60126
2825 9.60442
2826 9.60754
2827 9.61054
2828 9.61349
2829 9.61676
2830 9.62001
2831 9.62293
2832 9.62598
2833 9.62898
2834 9.6321
2835 9.63524
2836 9.63872
2837 9.6419
2838 9.64484
2839 9.64791
2840 9.65088
2841 9.65391
2842 9.65674
2843 9.65968
2844 9.66259
2845 9.66562
2846 9.66877
2847 9.67164
2848 9.67444
2849 9.67736
2850 9.68035
2851 9.68325
2852 9.68597
2853 9.68881
2854 9.69163
2855 9.69474
2856 9.69757
2857 9.7005
2858 9.70339
2859 9.70606
2860 9.70891
2861 9.71196
2862 9.71484
2863 9.71757
2864 9.72019
2865 9.72305
2866 9.72591
2867 9.7287
2868 9.73128
2869 9.73386
2870 9.73671
2871 9.73962
2872 9.74232
2873 9.74487
2874 9.74753
2875 9.75024
2876 9.75289
2877 9.75533
2878 9.75753
2879 9.76007
2880 9.76262
2881 9.76514
2882 9.76756
2883 9.77005
2884 9.77273
2885 9.77541
2886 9.77795
2887 9.78046
2888 9.78273
2889 9.78528
2890 9.78764
2891 9.78997
2892 9.79233
2893 9.79477
2894 9.79705
2895 9.79926
2896 9.80165
2897 9.80406
2898 9.8061
2899 9.80828
2900 9.81051
2901 9.81285
2902 9.81514
2903 9.81738
2904 9.81953
2905 9.82181
2906 9.82377
2907 9.82584
2908 9.828
2909 9.83005
2910 9.83216
2911 9.8342
2912 9.83616
2913 9.83813
2914 9.84037
2915 9.84259
2916 9.84476
2917 9.84659
2918 9.84854
2919 9.85055
2920 9.85258
2921 9.85485
2922 9.85665
2923 9.85861
2924 9.86052
2925 9.86224
2926 9.86409
2927 9.86584
2928 9.86774
2929 9.86963
2930 9.87143
2931 9.87321
2932 9.87508
2933 9.87673
2934 9.87838
2935 9.88008
2936 9.88177
2937 9.88355
2938 9.88529
2939 9.88671
2940 9.8883
2941 9.88974
2942 9.8913
2943 9.89292
2944 9.89443
2945 9.89591
2946 9.89742
2947 9.89883
2948 9.90037
2949 9.90192
2950 9.90341
2951 9.90512
2952 9.90655
2953 9.908
2954 9.90945
2955 9.91072
2956 9.91216
2957 9.91347
2958 9.91496
2959 9.91631
2960 9.91774
2961 9.91886
2962 9.92007
2963 9.9213
2964 9.92258
2965 9.92387
2966 9.9251
2967 9.92638
2968 9.92768
2969 9.92884
2970 9.9301
2971 9.93107
2972 9.93236
2973 9.93341
2974 9.93446
2975 9.93569
2976 9.93697
2977 9.93803
2978 9.9392
2979 9.94043
2980 9.94152
2981 9.94254
2982 9.94358
2983 9.94447
2984 9.94545
2985 9.94636
2986 9.94721
2987 9.94823
2988 9.94937
2989 9.95039
2990 9.95129
2991 9.95231
2992 9.95333
2993 9.95427
2994 9.95538
2995 9.95639
2996 9.95723
2997 9.95804
2998 9.95893
2999 9.95985
3000 9.96079
3001 9.96156
3002 9.96235
3003 9.96323
3004 9.96396
3005 9.96478
3006 9.96567
3007 9.96653
3008 9.96744
3009 9.96824
3010 9.96898
3011 9.96975
3012 9.9705
3013 9.9712
3014 9.97181
3015 9.97259
3016 9.97332
3017 9.97397
3018 9.97466
3019 9.97546
3020 9.97608
3021 9.97674
3022 9.9774
3023 9.97812
3024 9.97875
3025 9.97935
3026 9.97995
3027 9.98064
3028 9.98123
3029 9.9819
3030 9.98238
3031 9.98289
3032 9.98342
3033 9.98394
3034 9.98461
3035 9.98512
3036 9.98567
3037 9.98618
3038 9.98672
3039 9.98736
3040 9.98795
3041 9.98854
3042 9.98902
3043 9.98953
3044 9.99006
3045 9.99057
3046 9.99107
3047 9.99153
3048 9.99221
3049 9.99256
3050 9.993
3051 9.99349
3052 9.99406
3053 9.99454
3054 9.99505
3055 9.99548
3056 9.99597
3057 9.99648
3058 9.99694
3059 9.99742
3060 9.99793
3061 9.99827
3062 9.9986
3063 9.99905
3064 9.99952
3065 9.99993
3066 10
3067 10
3068 10
3069 10
3070 10
3071 10
3072 10
3073 10
3074 10
3075 10
3076 10
3077 10
3078 10
3079 10
3080 10
3081 10
3082 10
3083 10
3084 10
3085 10
3086 10
3087 10
3088 10
3089 10
3090 10
3091 10
3092 10
3093 10
3094 10
3095 10
3096 10
3097 10
3098 10
3099 10
3100 10
3101 10
3102 10
3103 10
3104 10
3105 10
3106 10
3107 10
3108 10
3109 10
3110 10
3111 10
3112 10
3113 10
3114 10
3115 10
3116 10
3117 10
3118 10
3119 10
3120 10
3121 10
3122 10
3123 10
3124 10
3125 10
3126 10
3127 10
3128 10
3129 10
3130 10
3131 10
3132 10
3133 10
3134 10
3135 10
3136 10
3137 10
3138 10
3139 10
3140 10
3141 10
3142 10
3143 10
3144 10
3145 10
3146 10
3147 10
3148 10
3149 10
3150 10
3151 10
3152 10
3153 10
3154 10
3155 10
3156 10
3157 10
3158 10
3159 10
3160 10
3161 10
3162 10
3163 10
3164 10
3165 10
3166 10
3167 10
3168 10
3169 10
3170 10
3171 10
3172 10
3173 10
3174 10
3175 10
3176 10
3177 10
3178 10
3179 10
3180 10
3181 10
3182 10
3183 10
3184 10
3185 10
3186 10
3187 10
3188 10
3189 10
3190 10
3191 10
3192 10
3193 10
3194 10
3195 10
3196 10
3197 10
3198 10
3199 10
3200 10
3201 10
3202 10
3203 10
3204 10
3205 10
3206 10
3207 10
3208 10
3209 10
3210 10
3211 10
3212 10
3213 10
3214 10
3215 10
3216 10
3217 10
3218 10
3219 10
3220 10
3221 10
3222 10
3223 10
3224 10
3225 10
3226 10
3227 10
3228 10
3229 10
3230 10
3231 10
3232 10
3233 10
3234 10
3235 10
3236 10
3237 10
3238 10
3239 10
3240 10
3241 10
3242 10
3243 10
3244 10
3245 10
3246 10
3247 10
3248 10
3249 10
3250 10
3251 10
3252 10
3253 10
3254 10
3255 10
3256 10
3257 10
3258 10
3259 10
3260 10
3261 10
3262 10
3263 10
3264 10
3265 10
3266 10
3267 10
3268 10
3269 10
3270 10
3271 10
3272 10
3273 10
3274 10
3275 10
3276 10
3277 10
3278 10
3279 10
3280 10
3281 10
3282 10
3283 10
3284 10
3285 10
3286 10
3287 10
3288 10
3289 10
3290 10
3291 10
3292 10
3293 10
3294 10
3295 10
3296 10
3297 10
3298 10
3299 10
3300 10
3301 10
3302 10
3303 10
3304 10
3305 10
3306 10
3307 10
3308 10
3309 10
3310 10
3311 10
3312 10
3313 10
3314 10
3315 10
3316 10
3317 10
3318 10
3319 10
3320 10
3321 10
3322 10
3323 10
3324 10
3325 10
3326 10
3327 10
3328 10
3329 10
3330 10
3331 10
3332 10
3333 10
3334 10
3335 10
3336 10
3337 10
3338 10
3339 10
3340 10
3341 10
3342 10
3343 10
3344 10
3345 10
3346 10
3347 10
3348 10
3349 10
3350 10
3351 10
3352 10
3353 10
3354 10
3355 10
3356 10
3357 10
3358 10
3359 10
3360 10
3361 10
3362 10
3363 10
3364 10
3365 10
3366 10
3367 10
3368 10
3369 10
3370 10
3371 10
3372 10
3373 10
3374 10
3375 10
3376 10
3377 10
3378 10
3379 10
3380 10
3381 10
3382 10
3383 10
3384 10
3385 10
3386 10
3387 10
3388 10
3389 10
3390 10
3391 10
3392 10
3393 10
3394 10
3395 10
3396 10
3397 10
3398 10
3399 10
3400 10
3401 10
3402 10
3403 10
3404 10
3405 10
3406 10
3407 10
3408 10
3409 10
3410 10
3411 10
3412 10
3413 10
3414 10
3415 10
3416 10
3417 10
3418 10
3419 10
3420 10
3421 10
3422 10
3423 10
3424 10
3425 10
3426 10
3427 10
3428 10
3429 10
3430 10
3431 10
3432 10
3433 10
3434 10
3435 10
3436 10
3437 10
3438 10
3439 10
3440 10
3441 10
3442 10
3443 10
3444 10
3445 10
3446 10
3447 10
3448 10
3449 10
3450 10
3451 10
3452 10
3453 10
3454 10
3455 10
3456 10
3457 10
3458 10
3459 10
3460 10
3461 10
3462 10
3463 10
3464 10
3465 10
3466 10
3467 10
3468 10
3469 10
3470 10
3471 10
3472 10
3473 10
3474 10
3475 10
3476 10
3477 10
3478 10
3479 10
3480 10
3481 10
3482 10
3483 10
3484 10
3485 10
3486 10
3487 10
3488 10
3489 10
3490 10
3491 10
3492 10
3493 10
3494 10
3495 10
3496 10
3497 10
3498 10
3499 10
3500 10
3501 10
3502 10
3503 10
3504 10
3505 10
3506 10
3507 10
3508 10
3509 10
3510 10
3511 10
3512 10
3513 10
3514 10
3515 10
3516 10
3517 10
3518 10
3519 10
3520 10
3521 10
3522 10
3523 10
3524 10
3525 10
3526 10
3527 10
3528 10
3529 10
3530 10
3531 10
3532 10
3533 10
3534 10
3535 10
3536 10
3537 10
3538 10
3539 10
3540 10
3541 10
3542 10
3543 10
3544 10
3545 10
3546 10
3547 10
3548 10
3549 10
3550 10
3551 10
3552 10
3553 10
3554 10
3555 10
3556 10
3557 10
3558 10
3559 10
3560 10
3561 10
3562 10
3563 10
3564 10
3565 10
3566 10
3567 10
3568 10
3569 10
3570 10
3571 10
3572 10
3573 10
3574 10
3575 10
3576 10
3577 10
3578 10
3579 10
3580 10
3581 10
3582 10
3583 10
3584 10
3585 10
3586 10
3587 10
3588 10
3589 10
3590 10
3591 10
3592 10
3593 10
3594 10
3595 10
3596 10
3597 10
3598 10
3599 10
3600 10
3601 10
3602 10
3603 10
3604 10
3605 10
3606 10
3607 10
3608 10
3609 10
3610 10
3611 10
3612 10
3613 10
3614 10
3615 10
3616 10
3617 10
3618 10
3619 10
3620 10
3621 10
3622 10
3623 10
3624 10
3625 10
3626 10
3627 10
3628 10
3629 10
3630 10
3631 10
3632 10
3633 10
3634 10
3635 10
3636 10
3637 10
3638 10
3639 10
3640 10
3641 10
3642 10
3643 10
3644 10
3645 10
3646 10
3647 10
3648 10
3649 10
3650 10
3651 10
3652 10
3653 10
3654 10
3655 10
3656 10
3657 10
3658 10
3659 10
3660 10
3661 10
3662 10
3663 10
3664 10
3665 10
3666 10
3667 10
3668 10
3669 10
3670 10
3671 10
3672 10
3673 10
3674 10
3675 10
3676 10
3677 10
3678 10
3679 10
3680 10
3681 10
3682 10
3683 10
3684 10
3685 10
3686 10
3687 10
3688 10
3689 10
3690 10
3691 10
3692 10
3693 10
3694 10
3695 10
3696 10
3697 10
3698 10
3699 10
3700 10
3701 10
3702 10
3703 10
3704 10
3705 10
3706 10
3707 10
3708 10
3709 10
3710 10
3711 10
3712 10
3713 10
3714 10
3715 10
3716 10
3717 10
3718 10
3719 10
3720 10
3721 10
3722 10
3723 10
3724 10
3725 10
3726 10
3727 10
3728 10
3729 10
3730 10
3731 10
3732 10
3733 10
3734 10
3735 10
3736 10
3737 10
3738 10
3739 10
3740 10
3741 10
3742 10
3743 10
3744 10
3745 10
3746 10
3747 10
3748 10
3749 10
3750 10
3751 10
3752 10
3753 10
3754 10
3755 10
3756 10
3757 10
3758 10
3759 10
3760 10
3761 10
3762 10
3763 10
3764 10
3765 10
3766 10
3767 10
3768 10
3769 10
3770 10
3771 10
3772 10
3773 10
3774 10
3775 10
3776 10
3777 10
3778 10
3779 10
3780 10
3781 10
3782 10
3783 10
3784 10
3785 10
3786 10
3787 10
3788 10
3789 10
3790 10
3791 10
3792 10
3793 10
3794 10
3795 10
3796 10
3797 10
3798 10
3799 10
3800 10
3801 10
3802 10
3803 10
3804 10
3805 10
3806 10
3807 10
3808 10
3809 10
3810 10
3811 10
3812 10
3813 10
3814 10
3815 10
3816 10
3817 10
3818 10
3819 10
3820 10
3821 10
3822 10
3823 10
3824 10
3825 10
3826 10
3827 10
3828 10
3829 10
3830 10
3831 10
3832 10
3833 10
3834 10
3835 10
3836 10
3837 10
3838 10
3839 10
3840 10
3841 10
3842 10
3843 10
3844 10
3845 10
3846 10
3847 10
3848 10
3849 10
3850 10
3851 10
3852 10
3853 10
3854 10
3855 10
3856 10
3857 10
3858 10
3859 10
3860 10
3861 10
3862 10
3863 10
3864 10
3865 10
3866 10
3867 10
3868 10
3869 10
3870 10
3871 10
3872 10
3873 10
3874 10
3875 10
3876 10
3877 10
3878 10
3879 10
3880 10
3881 10
3882 10
3883 10
3884 10
3885 10
3886 10
3887 10
3888 10
3889 10
3890 10
3891 10
3892 10
3893 10
3894 10
3895 10
3896 10
3897 10
3898 10
3899 10
3900 10
3901 10
3902 10
3903 10
3904 10
3905 10
3906 10
3907 10
3908 10
3909 10
3910 10
3911 10
3912 10
3913 10
3914 10
3915 10
3916 10
3917 10
3918 10
3919 10
3920 10
3921 10
3922 10
3923 10
3924 10
3925 10
3926 10
3927 10
3928 10
3929 10
3930 10
3931 10
3932 10
3933 10
3934 10
3935 10
3936 10
3937 10
3938 10
3939 10
3940 10
3941 10
3942 10
3943 10
3944 10
3945 10
3946 10
3947 10
3948 10
3949 10
3950 10
3951 10
3952 10
3953 10
3954 10
3955 10
3956 10
3957 10
3958 10
3959 10
3960 10
3961 10
3962 10
3963 10
3964 10
3965 10
3966 10
3967 10
3968 10
3969 10
3970 10
3971 10
3972 10
3973 10
3974 10
3975 10
3976 10
3977 10
3978 10
3979 10
3980 10
3981 10
3982 10
3983 10
3984 10
3985 10
3986 10
3987 10
3988 10
3989 10
3990 10
3991 10
3992 10
3993 10
3994 10
3995 10
3996 10
3997 10
3998 10
3999 10
4000 10
4001 10
4002 10
4003 10
4004 10
4005 10
4006 10
4007 10
4008 10
4009 10
4010 10
4011 10
4012 10
4013 10
4014 10
4015 10
4016 10
4017 10
4018 10
4019 10
4020 10
4021 10
4022 10
4023 10
4024 10
4025 10
4026 10
4027 10
4028 10
4029 10
4030 10
4031 10
4032 10
4033 10
4034 10
4035 10
4036 10
4037 10
4038 10
4039 10
4040 10
4041 10
4042 10
4043 10
4044 10
4045 10
4046 10
4047 10
4048 10
4049 10
4050 10
4051 10
4052 10
4053 10
4054 10
4055 10
4056 10
4057 10
4058 10
4059 10
4060 10
4061 10
4062 10
4063 10
4064 10
4065 10
4066 10
4067 10
4068 10
4069 10
4070 10
4071 10
4072 10
4073 10
4074 10
4075 10
4076 10
4077 10
4078 10
4079 10
4080 10
4081 10
4082 10
4083 10
4084 10
4085 10
4086 10
4087 10
4088 10
4089 10
4090 10
4091 10
4092 10
4093 10
4094 10
4095 10
4096 10
4097 10
4098 10
4099 10
4100 10
4101 10
4102 10
4103 10
4104 10
4105 10
4106 10
4107 10
4108 10
4109 10
4110 10
4111 10
4112 10
4113 10
4114 10
4115 10
4116 10
4117 10
4118 10
4119 10
4120 10
4121 10
4122 10
4123 10
4124 10
4125 10
4126 10
4127 10
4128 10
4129 10
4130 10
4131 10
4132 10
4133 10
4134 10
4135 10
4136 10
4137 10
4138 10
4139 10
4140 10
4141 10
4142 10
4143 10
4144 10
4145 10
4146 10
4147 10
4148 10
4149 10
4150 10
4151 10
4152 10
4153 10
4154 10
4155 10
4156 10
4157 10
4158 10
4159 10
4160 10
4161 10
4162 10
4163 10
4164 10
4165 10
4166 10
4167 10
4168 10
4169 10
4170 10
4171 10
4172 10
4173 10
4174 10
4175 10
4176 10
4177 10
4178 10
4179 10
4180 10
4181 10
4182 10
4183 10
4184 10
4185 10
4186 10
4187 10
4188 10
4189 10
4190 10
4191 10
4192 10
4193 10
4194 10
4195 10
4196 10
4197 10
4198 10
4199 10
4200 10
4201 10
4202 10
4203 10
4204 10
4205 10
4206 10
4207 10
4208 10
4209 10
4210 10
4211 10
4212 10
4213 10
4214 10
4215 10
4216 10
4217 10
4218 10
4219 10
4220 10
4221 10
4222 10
4223 10
4224 10
4225 10
4226 10
4227 10
4228 10
4229 10
4230 10
4231 10
4232 10
4233 10
4234 10
4235 10
4236 10
4237 10
4238 10
4239 10
4240 10
4241 10
4242 10
4243 10
4244 10
4245 10
4246 10
4247 10
4248 10
4249 10
4250 10
4251 10
4252 10
4253 10
4254 10
4255 10
4256 10
4257 10
4258 10
4259 10
4260 10
4261 10
4262 10
4263 10
4264 10
4265 10
4266 10
4267 10
4268 10
4269 10
4270 10
4271 10
4272 10
4273 10
4274 10
4275 10
4276 10
4277 10
4278 10
4279 10
4280 10
4281 10
4282 10
4283 10
4284 10
4285 10
4286 10
4287 10
4288 10
4289 10
4290 10
4291 10
4292 10
4293 10
4294 10
4295 10
4296 10
4297 10
4298 10
4299 10
4300 10
4301 10
4302 10
4303 10
4304 10
4305 10
4306 10
4307 10
4308 10
4309 10
4310 10
4311 10
4312 10
4313 10
4314 10
4315 10
4316 10
4317 10
4318 10
4319 10
4320 10
4321 10
4322 10
4323 10
4324 10
4325 10
4326 10
4327 10
4328 10
4329 10
4330 10
4331 10
4332 10
4333 10
4334 10
4335 10
4336 10
4337 10
4338 10
4339 10
4340 10
4341 10
4342 10
4343 10
4344 10
4345 10
4346 10
4347 10
4348 10
4349 10
4350 10
4351 10
4352 10
4353 10
4354 10
4355 10
4356 10
4357 10
4358 10
4359 10
4360 10
4361 10
4362 10
4363 10
4364 10
4365 10
4366 10
4367 10
4368 10
4369 10
4370 10
4371 10
4372 10
4373 10
4374 10
4375 10
4376 10
4377 10
4378 10
4379 10
4380 10
4381 10
4382 10
4383 10
4384 10
4385 10
4386 10
4387 10
4388 10
4389 10
4390 10
4391 10
4392 10
4393 10
4394 10
4395 10
4396 10
4397 10
4398 10
4399 10
4400 10
4401 10
4402 10
4403 10
4404 10
4405 10
4406 10
4407 10
4408 10
4409 10
4410 10
4411 10
4412 10
4413 10
4414 10
4415 10
4416 10
4417 10
4418 10
4419 10
4420 10
4421 10
4422 10
4423 10
4424 10
4425 10
4426 10
4427 10
4428 10
4429 10
4430 10
4431 10
4432 10
4433 10
4434 10
4435 10
4436 10
4437 10
4438 10
4439 10
4440 10
4441 10
4442 10
4443 10
4444 10
4445 10
4446 10
4447 10
4448 10
4449 10
4450 10
4451 10
4452 10
4453 10
4454 10
4455 10
4456 10
4457 10
4458 10
4459 10
4460 10
4461 10
4462 10
4463 10
4464 10
4465 10
4466 10
4467 10
4468 10
4469 10
4470 10
4471 10
4472 10
4473 10
4474 10
4475 10
4476 10
4477 10
4478 10
4479 10
4480 10
4481 10
4482 10
4483 10
4484 10
4485 10
4486 10
4487 10
4488 10
4489 10
4490 10
4491 10
4492 10
4493 10
4494 10
4495 10
4496 10
4497 10
4498 10
4499 10
4500 10
4501 10
4502 10
4503 10
4504 10
4505 10
4506 10
4507 10
4508 10
4509 10
4510 10
4511 10
4512 10
4513 10
4514 10
4515 10
4516 10
4517 10
4518 10
4519 10
4520 10
4521 10
4522 10
4523 10
4524 10
4525 10
4526 10
4527 10
4528 10
4529 10
4530 10
4531 10
4532 10
4533 10
4534 10
4535 10
4536 10
4537 10
4538 10
4539 10
4540 10
4541 10
4542 10
4543 10
4544 10
4545 10
4546 10
4547 10
4548 10
4549 10
4550 10
4551 10
4552 10
4553 10
4554 10
4555 10
4556 10
4557 10
4558 10
4559 10
4560 10
4561 10
4562 10
4563 10
4564 10
4565 10
4566 10
4567 10
4568 10
4569 10
4570 10
4571 10
4572 10
4573 10
4574 10
4575 10
4576 10
4577 10
4578 10
4579 10
4580 10
4581 10
4582 10
4583 10
4584 10
4585 10
4586 10
4587 10
4588 10
4589 10
4590 10
4591 10
4592 10
4593 10
4594 10
4595 10
4596 10
4597 10
4598 10
4599 10
4600 10
4601 10
4602 10
4603 10
4604 10
4605 10
4606 10
4607 10
4608 10
4609 10
4610 10
4611 10
4612 10
4613 10
4614 10
4615 10
4616 10
4617 10
4618 10
4619 10
4620 10
4621 10
4622 10
4623 10
4624 10
4625 10
4626 10
4627 10
4628 10
4629 10
4630 10
4631 10
4632 10
4633 10
4634 10
4635 10
4636 10
4637 10
4638 10
4639 10
4640 10
4641 10
4642 10
4643 10
4644 10
4645 10
4646 10
4647 10
4648 10
4649 10
4650 10
4651 10
4652 10
4653 10
4654 10
4655 10
4656 10
4657 10
4658 10
4659 10
4660 10
4661 10
4662 10
4663 10
4664 10
4665 10
4666 10
4667 10
4668 10
4669 10
4670 10
4671 10
4672 10
4673 10
4674 10
4675 10
4676 10
4677 10
4678 10
4679 10
4680 10
4681 10
4682 10
4683 10
4684 10
4685 10
4686 10
4687 10
4688 10
4689 10
4690 10
4691 10
4692 10
4693 10
4694 10
4695 10
4696 10
4697 10
4698 10
4699 10
4700 10
4701 10
4702 10
4703 10
4704 10
4705 10
4706 10
4707 10
4708 10
4709 10
4710 10
4711 10
4712 10
4713 10
4714 10
4715 10
4716 10
4717 10
4718 10
4719 10
4720 10
4721 10
4722 10
4723 10
4724 10
4725 10
4726 10
4727 10
4728 10
4729 10
4730 10
4731 10
4732 10
4733 10
4734 10
4735 10
4736 10
4737 10
4738 10
4739 10
4740 10
4741 10
4742 10
4743 10
4744 10
4745 10
4746 10
4747 10
4748 10
4749 10
4750 10
4751 10
4752 10
4753 10
4754 10
4755 10
4756 10
4757 10
4758 10
4759 10
4760 10
4761 10
4762 10
4763 10
4764 10
4765 10
4766 10
4767 10
4768 10
4769 10
4770 10
4771 10
4772 10
4773 10
4774 10
4775 10
4776 10
4777 10
4778 10
4779 10
4780 10
4781 10
4782 10
4783 10
4784 10
4785 10
4786 10
4787 10
4788 10
4789 10
4790 10
4791 10
4792 10
4793 10
4794 10
4795 10
4796 10
4797 10
4798 10
4799 10
4800 10
4801 10
4802 10
4803 10
4804 10
4805 10
4806 10
4807 10
4808 10
4809 10
4810 10
4811 10
4812 10
4813 10
4814 10
4815 10
4816 10
4817 10
4818 10
4819 10
4820 10
4821 10
4822 10
4823 10
4824 10
4825 10
4826 10
4827 10
4828 10
4829 10
4830 10
4831 10
4832 10
4833 10
4834 10
4835 10
4836 10
4837 10
4838 10
4839 10
4840 10
4841 10
4842 10
4843 10
4844 10
4845 10
4846 10
4847 10
4848 10
4849 10
4850 10
4851 10
4852 10
4853 10
4854 10
4855 10
4856 10
4857 10
4858 10
4859 10
4860 10
4861 10
4862 10
4863 10
4864 10
4865 10
4866 10
4867 10
4868 10
4869 10
4870 10
4871 10
4872 10
4873 10
4874 10
4875 10
4876 10
4877 10
4878 10
4879 10
4880 10
4881 10
4882 10
4883 10
4884 10
4885 10
4886 10
4887 10
4888 10
4889 10
4890 10
4891 10
4892 10
4893 10
4894 10
4895 10
4896 10
4897 10
4898 10
4899 10
4900 10
4901 10
4902 10
4903 10
4904 10
4905 10
4906 10
4907 10
4908 10
4909 10
4910 10
4911 10
4912 10
4913 10
4914 10
4915 10
4916 10
4917 10
4918 10
4919 10
4920 10
4921 10
4922 10
4923 10
4924 10
4925 10
4926 10
4927 10
4928 10
4929 10
4930 10
4931 10
4932 10
4933 10
4934 10
4935 10
4936 10
4937 10
4938 10
4939 10
4940 10
4941 10
4942 10
4943 10
4944 10
4945 10
4946 10
4947 10
4948 10
4949 10
4950 10
4951 10
4952 10
4953 10
4954 10
4955 10
4956 10
4957 10
4958 10
4959 10
4960 10
4961 10
4962 10
4963 10
4964 10
4965 10
4966 10
4967 10
4968 10
4969 10
4970 10
4971 10
4972 10
4973 10
4974 10
4975 10
4976 10
4977 10
4978 10
4979 10
4980 10
4981 10
4982 10
4983 10
4984 10
4985 10
4986 10
4987 10
4988 10
4989 10
4990 10
4991 10
4992 10
4993 10
4994 10
4995 10
4996 10
4997 10
4998 10
