0 0
1 0
2 0
3 0
4 0
5 0
6 0
7 0
8 0
9 0
10 0
11 0
12 0
13 0
14 0
15 0
16 0
17 0
18 0
19 0
20 0
21 0
22 0
23 0
24 0
25 0
26 0
27 0
28 0
29 0
30 0
31 0
32 0
33 0
34 0
35 0
36 0
37 0
38 0
39 0
40 0
41 0
42 0
43 0
44 0
45 0
46 0
47 0
48 0
49 0
50 0
51 0
52 0
53 0
54 0
55 0
56 0
57 0
58 0
59 0
60 0
61 0
62 0
63 0
64 0
65 0
66 0
67 0
68 0
69 0
70 0
71 0
72 0
73 0
74 0
75 0
76 0
77 0
78 0
79 0
80 0
81 0
82 0
83 0
84 0
85 0
86 0
87 0
88 0
89 0
90 0
91 0
92 0
93 0
94 0
95 0
96 0
97 0
98 0
99 0
100 0
101 0
102 0
103 0
104 0
105 0
106 0
107 0
108 0
109 0
110 0
111 0
112 0
113 0
114 0
115 0
116 0
117 0
118 0
119 0
120 0
121 0
122 0
123 0
124 0
125 0
126 0
127 0
128 0
129 0
130 0
131 0
132 0
133 0
134 0
135 0
136 0
137 0
138 0
139 0
140 0
141 0
142 0
143 0
144 0
145 0
146 0
147 0
148 0
149 0
150 0
151 0
152 0
153 0
154 0
155 0
156 0
157 0
158 0
159 0
160 0
161 0
162 0
163 0
164 0
165 0
166 0
167 0
168 0
169 0
170 0
171 0
172 0
173 0
174 0
175 0
176 0
177 0
178 0
179 0
180 0
181 0
182 0
183 0
184 0
185 0
186 0
187 0
188 0
189 0
190 0
191 0
192 0
193 0
194 0
195 0
196 0
197 0
198 0
199 0
200 0
201 0
202 0
203 0
204 0
205 0
206 0
207 0
208 0
209 0
210 0
211 0
212 0
213 0
214 0
215 0
216 0
217 0
218 0
219 0
220 0
221 0
222 0
223 0
224 0
225 0
226 0
227 0
228 0
229 0
230 0
231 0
232 0
233 0
234 0
235 0
236 0
237 0
238 0
239 0
240 0
241 0
242 0
243 0
244 0
245 0
246 0
247 0
248 0
249 0
250 0
251 0
252 0
253 0
254 0
255 0
256 0
257 0
258 0
259 0
260 0
261 0
262 0
263 0
264 0
265 0
266 0
267 0
268 0
269 0
270 0
271 0
272 0
273 0
274 0
275 0
276 0
277 0
278 0
279 0
280 0
281 0
282 0
283 0
284 0
285 0
286 0
287 0
288 0
289 0
290 0
291 0
292 0
293 0
294 0
295 0
296 0
297 0
298 0
299 0
300 0
301 0
302 0
303 0
304 0
305 0
306 0
307 0
308 0
309 0
310 0
311 0
312 0
313 0
314 0
315 0
316 0
317 0
318 0
319 0
320 0
321 0
322 0
323 0
324 0
325 0
326 0
327 0
328 0
329 0
330 0
331 0
332 0
333 0
334 0
335 0
336 0
337 0
338 0
339 0
340 0
341 0
342 0
343 0
344 0
345 0
346 0
347 0
348 0
349 0
350 0
351 0
352 0
353 0
354 0
355 0
356 0
357 0
358 0
359 0
360 0
361 0
362 0
363 0
364 0
365 0
366 0
367 0
368 0
369 0
370 0
371 0
372 0
373 0
374 0
375 0
376 0
377 0
378 0
379 0
380 0
381 0
382 0
383 0
384 0
385 0
386 0
387 0
388 0
389 0
390 0
391 0
392 0
393 0
394 0
395 0
396 0
397 0
398 0
399 0
400 0
401 0
402 0
403 0
404 0
405 0
406 0
407 0
408 0
409 0
410 0
411 0
412 0
413 0
414 0
415 0
416 0
417 0
418 0
419 0
420 0
421 0
422 0
423 0
424 0
425 0
426 0
427 0
428 0
429 0
430 0
431 0
432 0
433 0
434 0
435 0
436 0
437 0
438 0
439 0
440 0
441 0
442 0
443 0
444 0
445 0
446 0
447 0
448 0
449 0
450 0
451 0
452 0
453 0
454 0
455 0
456 0
457 0
458 0
459 0
460 0
461 0
462 0
463 0
464 0
465 0
466 0
467 0
468 0
469 0
470 0
471 0
472 0
473 0
474 0
475 0
476 0
477 0
478 0
479 0
480 0
481 0
482 0
483 0
484 0
485 0
486 0
487 0
488 0
489 0
490 0
491 0
492 0
493 0
494 0
495 0
496 0
497 0
498 0
499 0
500 0.00917355
501 0.00917355
502 0.00917355
503 0.00919186
504 0.00921932
505 0.00923763
506 0.00923763
507 0.00924679
508 0.00928341
509 0.00928341
510 0.00931088
511 0.00931088
512 0.00931088
513 0.00933834
514 0.00935665
515 0.00936581
516 0.00936581
517 0.00939327
518 0.00940243
519 0.00942989
520 0.00945736
521 0.00948483
522 0.00952145
523 0.00953976
524 0.00954891
525 0.00955807
526 0.00957638
527 0.00960384
528 0.00960384
529 0.00963131
530 0.00964962
531 0.00968624
532 0.00972286
533 0.00973202
534 0.00975948
535 0.00977779
536 0.00978695
537 0.0097961
538 0.00980526
539 0.00982357
540 0.00983272
541 0.00984188
542 0.0098785
543 0.00989681
544 0.00993343
545 0.00995174
546 0.0099609
547 0.00997005
548 0.0100067
549 0.0100341
550 0.0100341
551 0.0100433
552 0.0100616
553 0.0100799
554 0.0101074
555 0.0101165
556 0.010144
557 0.0101806
558 0.0102172
559 0.0102356
560 0.0102539
561 0.0102905
562 0.0102996
563 0.0102996
564 0.0103088
565 0.0103546
566 0.0103546
567 0.0103546
568 0.0103729
569 0.010382
570 0.0104095
571 0.0104278
572 0.0104644
573 0.0104919
574 0.0105285
575 0.0105743
576 0.0106018
577 0.0106292
578 0.0106567
579 0.0106659
580 0.0107025
581 0.0107025
582 0.0107299
583 0.0107299
584 0.0107482
585 0.0107666
586 0.0107757
587 0.0107849
588 0.0108032
589 0.0108306
590 0.0108581
591 0.0108947
592 0.010913
593 0.0109497
594 0.0109588
595 0.0109588
596 0.010968
597 0.0109954
598 0.0110595
599 0.0110778
600 0.0110961
601 0.0111145
602 0.0111419
603 0.0111785
604 0.011206
605 0.0112152
606 0.0112609
607 0.0112701
608 0.0112884
609 0.0113159
610 0.0113433
611 0.0113708
612 0.0114257
613 0.0114624
614 0.0114898
615 0.0115081
616 0.0115448
617 0.0115722
618 0.0116088
619 0.0116546
620 0.0117004
621 0.0117645
622 0.0118011
623 0.0118377
624 0.0118652
625 0.0119293
626 0.0120025
627 0.0120391
628 0.0121032
629 0.0121765
630 0.0122772
631 0.012387
632 0.0125061
633 0.0125885
634 0.0126983
635 0.0128814
636 0.0130371
637 0.0132568
638 0.0134765
639 0.0136413
640 0.0139068
641 0.0142547
642 0.0146392
643 0.0149688
644 0.0152984
645 0.0156829
646 0.0161224
647 0.0164703
648 0.0169921
649 0.0174224
650 0.01799
651 0.0184753
652 0.0190337
653 0.0196838
654 0.0204986
655 0.0212676
656 0.0220733
657 0.0228515
658 0.0237853
659 0.0246734
660 0.0256255
661 0.0266784
662 0.0277221
663 0.0287932
664 0.029901
665 0.0311827
666 0.0322264
667 0.0335082
668 0.0349638
669 0.0364195
670 0.0379668
671 0.0397703
672 0.0414458
673 0.0432493
674 0.045117
675 0.0471037
676 0.0492002
677 0.0513059
678 0.0534941
679 0.0557005
680 0.0579618
681 0.0604887
682 0.0626401
683 0.0650846
684 0.0676572
685 0.0701291
686 0.0726377
687 0.0752927
688 0.0779935
689 0.0808407
690 0.0839352
691 0.0869107
692 0.0902615
693 0.0934841
694 0.0970455
695 0.100296
696 0.103482
697 0.106832
698 0.110614
699 0.114276
700 0.118185
701 0.122232
702 0.126095
703 0.130279
704 0.134335
705 0.138354
706 0.142181
707 0.146282
708 0.150649
709 0.154797
710 0.159292
711 0.16386
712 0.169097
713 0.174435
714 0.179296
715 0.184441
716 0.190054
717 0.195657
718 0.201818
719 0.208208
720 0.214214
721 0.220348
722 0.226903
723 0.233816
724 0.241076
725 0.248299
726 0.25588
727 0.263982
728 0.272323
729 0.280599
730 0.28936
731 0.298351
732 0.307799
733 0.317339
734 0.326714
735 0.336611
736 0.346773
737 0.356706
738 0.367244
739 0.377846
740 0.38864
741 0.400285
742 0.412196
743 0.423622
744 0.435405
745 0.447059
746 0.45886
747 0.470369
748 0.48249
749 0.494776
750 0.506422
751 0.51804
752 0.529887
753 0.541624
754 0.553745
755 0.566206
756 0.577869
757 0.589643
758 0.601188
759 0.613044
760 0.625019
761 0.637058
762 0.649225
763 0.661438
764 0.673459
765 0.685407
766 0.697629
767 0.709467
768 0.721002
769 0.733014
770 0.744751
771 0.755939
772 0.767831
773 0.779193
774 0.790994
775 0.80307
776 0.815127
777 0.826672
778 0.839096
779 0.850778
780 0.862552
781 0.874307
782 0.885614
783 0.896746
784 0.908557
785 0.91946
786 0.930785
787 0.94212
788 0.954269
789 0.965099
790 0.976314
791 0.986861
792 0.997994
793 1.00919
794 1.02026
795 1.03184
796 1.043
797 1.05393
798 1.0654
799 1.07708
800 1.08828
801 1.09947
802 1.11042
803 1.12168
804 1.13322
805 1.14417
806 1.1552
807 1.16562
808 1.17637
809 1.18719
810 1.19793
811 1.20884
812 1.21943
813 1.23053
814 1.24101
815 1.25141
816 1.26234
817 1.27308
818 1.28364
819 1.29418
820 1.30488
821 1.31551
822 1.32572
823 1.33739
824 1.34807
825 1.35891
826 1.36952
827 1.37954
828 1.38955
829 1.40052
830 1.41144
831 1.42194
832 1.4328
833 1.44293
834 1.45375
835 1.46429
836 1.47485
837 1.48513
838 1.49543
839 1.50563
840 1.51617
841 1.52679
842 1.53692
843 1.54738
844 1.55719
845 1.56727
846 1.57719
847 1.58744
848 1.59776
849 1.60798
850 1.61781
851 1.62798
852 1.63835
853 1.64802
854 1.65781
855 1.66748
856 1.67745
857 1.68713
858 1.69687
859 1.70723
860 1.71734
861 1.72777
862 1.73797
863 1.74704
864 1.7567
865 1.7665
866 1.77607
867 1.78624
868 1.79618
869 1.80616
870 1.8156
871 1.82488
872 1.83465
873 1.84397
874 1.85352
875 1.86274
876 1.87208
877 1.88123
878 1.89064
879 1.89995
880 1.90903
881 1.91814
882 1.92714
883 1.93599
884 1.94444
885 1.95362
886 1.96215
887 1.97114
888 1.97962
889 1.98809
890 1.99696
891 2.00588
892 2.01468
893 2.02292
894 2.03124
895 2.03934
896 2.0478
897 2.05639
898 2.06408
899 2.07243
900 2.08019
901 2.08825
902 2.09581
903 2.10381
904 2.11166
905 2.11971
906 2.127
907 2.13478
908 2.1418
909 2.14882
910 2.15604
911 2.16319
912 2.17047
913 2.17747
914 2.18443
915 2.19102
916 2.19796
917 2.20474
918 2.21126
919 2.21763
920 2.22413
921 2.23028
922 2.23617
923 2.24238
924 2.24821
925 2.25396
926 2.26027
927 2.26575
928 2.27177
929 2.27743
930 2.28331
931 2.28894
932 2.29492
933 2.30068
934 2.30636
935 2.31172
936 2.3173
937 2.32262
938 2.32831
939 2.33426
940 2.33995
941 2.34529
942 2.35076
943 2.35614
944 2.36116
945 2.36617
946 2.3713
947 2.37635
948 2.38151
949 2.38677
950 2.39183
951 2.39669
952 2.40126
953 2.40596
954 2.41064
955 2.41524
956 2.42018
957 2.42492
958 2.42937
959 2.43412
960 2.43896
961 2.4438
962 2.44846
963 2.45299
964 2.45803
965 2.46248
966 2.46706
967 2.47123
968 2.47595
969 2.48086
970 2.48551
971 2.49
972 2.49439
973 2.49898
974 2.50346
975 2.50775
976 2.5125
977 2.51741
978 2.52206
979 2.52635
980 2.53092
981 2.53494
982 2.53942
983 2.54384
984 2.54855
985 2.5527
986 2.55738
987 2.56127
988 2.56538
989 2.56955
990 2.57402
991 2.57822
992 2.58256
993 2.58651
994 2.59102
995 2.59532
996 2.59962
997 2.60409
998 2.60859
999 2.61281
1000 2.61705
1001 2.62117
1002 2.62573
1003 2.63015
1004 2.63442
1005 2.63866
1006 2.64301
1007 2.64735
1008 2.65148
1009 2.6557
1010 2.65994
1011 2.66394
1012 2.66791
1013 2.67231
1014 2.67626
1015 2.68029
1016 2.68439
1017 2.68818
1018 2.69232
1019 2.69683
1020 2.70073
1021 2.70498
1022 2.70916
1023 2.71304
1024 2.71651
1025 2.72077
1026 2.72476
1027 2.72909
1028 2.73304
1029 2.7368
1030 2.74105
1031 2.74504
1032 2.74927
1033 2.75379
1034 2.75809
1035 2.76209
1036 2.76594
1037 2.76991
1038 2.77427
1039 2.77848
1040 2.78295
1041 2.78702
1042 2.79098
1043 2.79517
1044 2.7993
1045 2.80304
1046 2.80753
1047 2.81177
1048 2.81588
1049 2.82021
1050 2.82402
1051 2.82822
1052 2.83207
1053 2.836
1054 2.83992
1055 2.84393
1056 2.84798
1057 2.85213
1058 2.85645
1059 2.86032
1060 2.86423
1061 2.86838
1062 2.87228
1063 2.87629
1064 2.88044
1065 2.88479
1066 2.88852
1067 2.89232
1068 2.89638
1069 2.90014
1070 2.90422
1071 2.90823
1072 2.91256
1073 2.91643
1074 2.92062
1075 2.92459
1076 2.92851
1077 2.93236
1078 2.93638
1079 2.94053
1080 2.94489
1081 2.94887
1082 2.95303
1083 2.95695
1084 2.96075
1085 2.9648
1086 2.96876
1087 2.97282
1088 2.97683
1089 2.98078
1090 2.98471
1091 2.98861
1092 2.9925
1093 2.99614
1094 3.00005
1095 3.00397
1096 3.00819
1097 3.01191
1098 3.01592
1099 3.01988
1100 3.02356
1101 3.02741
1102 3.03108
1103 3.03522
1104 3.03903
1105 3.04291
1106 3.04707
1107 3.05128
1108 3.05502
1109 3.05901
1110 3.06317
1111 3.06711
1112 3.07116
1113 3.07505
1114 3.07903
1115 3.08272
1116 3.08665
1117 3.09077
1118 3.09484
1119 3.09875
1120 3.10275
1121 3.10652
1122 3.11036
1123 3.11411
1124 3.11821
1125 3.12215
1126 3.12603
1127 3.13001
1128 3.13389
1129 3.13792
1130 3.1416
1131 3.14539
1132 3.14919
1133 3.15331
1134 3.15701
1135 3.16112
1136 3.16539
1137 3.16886
1138 3.17278
1139 3.17676
1140 3.18076
1141 3.18462
1142 3.18891
1143 3.19306
1144 3.19708
1145 3.20059
1146 3.2047
1147 3.2088
1148 3.21282
1149 3.21697
1150 3.22126
1151 3.22502
1152 3.22881
1153 3.23243
1154 3.23613
1155 3.23995
1156 3.24394
1157 3.24797
1158 3.25217
1159 3.25611
1160 3.26023
1161 3.26384
1162 3.26779
1163 3.27149
1164 3.27522
1165 3.27911
1166 3.28299
1167 3.28711
1168 3.29066
1169 3.29461
1170 3.29829
1171 3.30226
1172 3.30614
1173 3.30991
1174 3.31399
1175 3.31794
1176 3.32165
1177 3.32564
1178 3.32943
1179 3.33328
1180 3.33683
1181 3.34076
1182 3.34476
1183 3.34855
1184 3.35251
1185 3.35644
1186 3.36003
1187 3.36379
1188 3.36751
1189 3.37125
1190 3.37502
1191 3.3791
1192 3.38324
1193 3.38725
1194 3.39125
1195 3.39531
1196 3.39931
1197 3.40328
1198 3.40715
1199 3.41097
1200 3.41508
1201 3.41887
1202 3.42285
1203 3.42669
1204 3.43016
1205 3.43373
1206 3.43732
1207 3.44097
1208 3.44469
1209 3.44883
1210 3.45249
1211 3.45675
1212 3.46077
1213 3.46475
1214 3.46853
1215 3.47256
1216 3.47623
1217 3.48004
1218 3.48381
1219 3.48763
1220 3.49179
1221 3.49557
1222 3.49956
1223 3.50323
1224 3.50739
1225 3.51126
1226 3.51498
1227 3.51885
1228 3.52263
1229 3.52649
1230 3.5303
1231 3.53431
1232 3.53809
1233 3.54221
1234 3.54593
1235 3.54953
1236 3.55346
1237 3.55708
1238 3.56061
1239 3.56443
1240 3.56845
1241 3.57259
1242 3.5766
1243 3.58043
1244 3.58431
1245 3.58797
1246 3.59194
1247 3.59577
1248 3.59961
1249 3.60321
1250 3.60697
1251 3.61079
1252 3.6143
1253 3.61811
1254 3.62171
1255 3.6253
1256 3.62896
1257 3.63286
1258 3.63659
1259 3.64053
1260 3.64407
1261 3.64811
1262 3.65227
1263 3.65605
1264 3.65962
1265 3.66358
1266 3.66755
1267 3.67152
1268 3.67533
1269 3.67933
1270 3.68325
1271 3.68699
1272 3.69081
1273 3.69463
1274 3.69844
1275 3.70237
1276 3.70629
1277 3.71
1278 3.71378
1279 3.71766
1280 3.7215
1281 3.72539
1282 3.72924
1283 3.73342
1284 3.73776
1285 3.74133
1286 3.74526
1287 3.74896
1288 3.75257
1289 3.75613
1290 3.75977
1291 3.7635
1292 3.76708
1293 3.77097
1294 3.77491
1295 3.7787
1296 3.78238
1297 3.78624
1298 3.79009
1299 3.79435
1300 3.79814
1301 3.8021
1302 3.80612
1303 3.80973
1304 3.81386
1305 3.81761
1306 3.82145
1307 3.82549
1308 3.82937
1309 3.83282
1310 3.8367
1311 3.84058
1312 3.84435
1313 3.8484
1314 3.85186
1315 3.8558
1316 3.85975
1317 3.86358
1318 3.86732
1319 3.871
1320 3.87447
1321 3.87815
1322 3.88208
1323 3.8861
1324 3.89002
1325 3.89407
1326 3.89768
1327 3.90109
1328 3.90504
1329 3.90876
1330 3.91269
1331 3.91672
1332 3.92037
1333 3.92434
1334 3.92823
1335 3.93238
1336 3.93628
1337 3.94036
1338 3.94425
1339 3.94841
1340 3.95245
1341 3.95603
1342 3.96003
1343 3.96385
1344 3.96784
1345 3.97168
1346 3.97561
1347 3.97925
1348 3.98319
1349 3.98689
1350 3.99104
1351 3.99533
1352 3.99896
1353 4.00236
1354 4.0063
1355 4.00983
1356 4.01391
1357 4.01774
1358 4.02165
1359 4.02532
1360 4.02894
1361 4.03271
1362 4.03648
1363 4.04032
1364 4.04423
1365 4.04848
1366 4.05227
1367 4.05624
1368 4.0602
1369 4.06393
1370 4.06757
1371 4.07172
1372 4.07614
1373 4.08006
1374 4.0839
1375 4.08776
1376 4.09163
1377 4.09542
1378 4.09911
1379 4.10269
1380 4.10658
1381 4.11054
1382 4.11455
1383 4.11848
1384 4.12237
1385 4.12648
1386 4.13017
1387 4.13433
1388 4.13853
1389 4.14227
1390 4.14613
1391 4.15003
1392 4.15388
1393 4.15786
1394 4.16165
1395 4.16561
1396 4.16983
1397 4.1738
1398 4.17764
1399 4.18159
1400 4.18529
1401 4.18907
1402 4.19286
1403 4.19676
1404 4.20104
1405 4.20517
1406 4.209
1407 4.21272
1408 4.21652
1409 4.22062
1410 4.22462
1411 4.22847
1412 4.23229
1413 4.23641
1414 4.24037
1415 4.2448
1416 4.24882
1417 4.25274
1418 4.25645
1419 4.26044
1420 4.26417
1421 4.26814
1422 4.27218
1423 4.27604
1424 4.27961
1425 4.28374
1426 4.28753
1427 4.29126
1428 4.29528
1429 4.29922
1430 4.30312
1431 4.30711
1432 4.3109
1433 4.31452
1434 4.31876
1435 4.32304
1436 4.32681
1437 4.33079
1438 4.33481
1439 4.33867
1440 4.34296
1441 4.34682
1442 4.35088
1443 4.35516
1444 4.35864
1445 4.36257
1446 4.36633
1447 4.3699
1448 4.37387
1449 4.37812
1450 4.38185
1451 4.38556
1452 4.38964
1453 4.39379
1454 4.39745
1455 4.40105
1456 4.40477
1457 4.40862
1458 4.41251
1459 4.41639
1460 4.42031
1461 4.42439
1462 4.42837
1463 4.43232
1464 4.43634
1465 4.44021
1466 4.44403
1467 4.44776
1468 4.45165
1469 4.45558
1470 4.45961
1471 4.46339
1472 4.46725
1473 4.47099
1474 4.475
1475 4.47938
1476 4.483
1477 4.48688
1478 4.49033
1479 4.49451
1480 4.49824
1481 4.5019
1482 4.5058
1483 4.50943
1484 4.51363
1485 4.51753
1486 4.52135
1487 4.52528
1488 4.52932
1489 4.53327
1490 4.53659
1491 4.5404
1492 4.54419
1493 4.54787
1494 4.5517
1495 4.55559
1496 4.55948
1497 4.56365
1498 4.56773
1499 4.57139
1500 4.57523
1501 4.57904
1502 4.58285
1503 4.58692
1504 4.59107
1505 4.59508
1506 4.59873
1507 4.60232
1508 4.60677
1509 4.61072
1510 4.61467
1511 4.61823
1512 4.62187
1513 4.62535
1514 4.62928
1515 4.63295
1516 4.63689
1517 4.64053
1518 4.64424
1519 4.64799
1520 4.6518
1521 4.65588
1522 4.66014
1523 4.66381
1524 4.66795
1525 4.67202
1526 4.67585
1527 4.67979
1528 4.68327
1529 4.6869
1530 4.69073
1531 4.69446
1532 4.69878
1533 4.70267
1534 4.70658
1535 4.71037
1536 4.71398
1537 4.71794
1538 4.72169
1539 4.72545
1540 4.72925
1541 4.73285
1542 4.73692
1543 4.74066
1544 4.74442
1545 4.74811
1546 4.75206
1547 4.75585
1548 4.7596
1549 4.76353
1550 4.76752
1551 4.77142
1552 4.77507
1553 4.77895
1554 4.78302
1555 4.78703
1556 4.79112
1557 4.79505
1558 4.79931
1559 4.80303
1560 4.80707
1561 4.8108
1562 4.81457
1563 4.81875
1564 4.82276
1565 4.82637
1566 4.8302
1567 4.83419
1568 4.8379
1569 4.84143
1570 4.84522
1571 4.84933
1572 4.85272
1573 4.85652
1574 4.86082
1575 4.86473
1576 4.8687
1577 4.87274
1578 4.87635
1579 4.88024
1580 4.88393
1581 4.88783
1582 4.89174
1583 4.8958
1584 4.89975
1585 4.90358
1586 4.90711
1587 4.9108
1588 4.9144
1589 4.91792
1590 4.92161
1591 4.92564
1592 4.92921
1593 4.93289
1594 4.93698
1595 4.94068
1596 4.94433
1597 4.94776
1598 4.95166
1599 4.95553
1600 4.95937
1601 4.96321
1602 4.96695
1603 4.97045
1604 4.9743
1605 4.97789
1606 4.98181
1607 4.98548
1608 4.98954
1609 4.9934
1610 4.99754
1611 5.00147
1612 5.00548
1613 5.00896
1614 5.01302
1615 5.01707
1616 5.0207
1617 5.0244
1618 5.02842
1619 5.0323
1620 5.03629
1621 5.04028
1622 5.04392
1623 5.04756
1624 5.05157
1625 5.05551
1626 5.05943
1627 5.06329
1628 5.06733
1629 5.07102
1630 5.07465
1631 5.07843
1632 5.08187
1633 5.08599
1634 5.08974
1635 5.09379
1636 5.09738
1637 5.10128
1638 5.10499
1639 5.10889
1640 5.11255
1641 5.11635
1642 5.11992
1643 5.12394
1644 5.12756
1645 5.13146
1646 5.13512
1647 5.13882
1648 5.14266
1649 5.14662
1650 5.15063
1651 5.15457
1652 5.15818
1653 5.16213
1654 5.16614
1655 5.17014
1656 5.17396
1657 5.17775
1658 5.18162
1659 5.18522
1660 5.18904
1661 5.19256
1662 5.19638
1663 5.19999
1664 5.20341
1665 5.20729
1666 5.21099
1667 5.21472
1668 5.21852
1669 5.22252
1670 5.22616
1671 5.22998
1672 5.2337
1673 5.23769
1674 5.24186
1675 5.24537
1676 5.24904
1677 5.25301
1678 5.25678
1679 5.26034
1680 5.26439
1681 5.26823
1682 5.27202
1683 5.27544
1684 5.27918
1685 5.28299
1686 5.28665
1687 5.29031
1688 5.29403
1689 5.2978
1690 5.30161
1691 5.30558
1692 5.30907
1693 5.31283
1694 5.31659
1695 5.32015
1696 5.32402
1697 5.32795
1698 5.33183
1699 5.33581
1700 5.33968
1701 5.34377
1702 5.34742
1703 5.35124
1704 5.35497
1705 5.3589
1706 5.36276
1707 5.36647
1708 5.37004
1709 5.37398
1710 5.3779
1711 5.38209
1712 5.38585
1713 5.3896
1714 5.39307
1715 5.3965
1716 5.40041
1717 5.40421
1718 5.40804
1719 5.41179
1720 5.41573
1721 5.41952
1722 5.42365
1723 5.42754
1724 5.43147
1725 5.43549
1726 5.43936
1727 5.44338
1728 5.44686
1729 5.45104
1730 5.45459
1731 5.45832
1732 5.46232
1733 5.46606
1734 5.46979
1735 5.47358
1736 5.4774
1737 5.48083
1738 5.48449
1739 5.48819
1740 5.49187
1741 5.49563
1742 5.49933
1743 5.50277
1744 5.50638
1745 5.50981
1746 5.51335
1747 5.51756
1748 5.52129
1749 5.52499
1750 5.52908
1751 5.53262
1752 5.53637
1753 5.5404
1754 5.54415
1755 5.54795
1756 5.55173
1757 5.55543
1758 5.55911
1759 5.56313
1760 5.56721
1761 5.57098
1762 5.57474
1763 5.57838
1764 5.5823
1765 5.58618
1766 5.58983
1767 5.59388
1768 5.59742
1769 5.60123
1770 5.60481
1771 5.60861
1772 5.61252
1773 5.61631
1774 5.62004
1775 5.62372
1776 5.6273
1777 5.6312
1778 5.63478
1779 5.63883
1780 5.64273
1781 5.64685
1782 5.65063
1783 5.65438
1784 5.65816
1785 5.66186
1786 5.66586
1787 5.66991
1788 5.67368
1789 5.67761
1790 5.68147
1791 5.68528
1792 5.68905
1793 5.69288
1794 5.69622
1795 5.70024
1796 5.70382
1797 5.70794
1798 5.71181
1799 5.7158
1800 5.71982
1801 5.7236
1802 5.72747
1803 5.73111
1804 5.73514
1805 5.73883
1806 5.7426
1807 5.74655
1808 5.75051
1809 5.75411
1810 5.75796
1811 5.76169
1812 5.76549
1813 5.76937
1814 5.77334
1815 5.77696
1816 5.7805
1817 5.7842
1818 5.78824
1819 5.79227
1820 5.79612
1821 5.80025
1822 5.804
1823 5.80826
1824 5.81189
1825 5.81553
1826 5.8195
1827 5.82361
1828 5.82747
1829 5.83097
1830 5.83508
1831 5.83886
1832 5.84273
1833 5.84652
1834 5.84989
1835 5.85372
1836 5.85754
1837 5.86149
1838 5.8653
1839 5.86896
1840 5.87294
1841 5.87655
1842 5.88012
1843 5.88417
1844 5.88784
1845 5.89167
1846 5.89513
1847 5.89876
1848 5.9027
1849 5.90611
1850 5.9101
1851 5.91376
1852 5.91741
1853 5.92131
1854 5.92513
1855 5.92884
1856 5.93252
1857 5.93606
1858 5.93998
1859 5.94407
1860 5.94772
1861 5.95178
1862 5.95572
1863 5.95964
1864 5.96349
1865 5.96727
1866 5.97138
1867 5.97544
1868 5.97931
1869 5.98296
1870 5.98677
1871 5.99049
1872 5.99446
1873 5.99844
1874 6.00186
1875 6.00555
1876 6.00925
1877 6.01303
1878 6.01684
1879 6.02062
1880 6.02434
1881 6.02808
1882 6.03179
1883 6.03568
1884 6.03947
1885 6.04301
1886 6.04668
1887 6.05026
1888 6.05407
1889 6.05782
1890 6.06169
1891 6.06563
1892 6.06954
1893 6.07311
1894 6.07689
1895 6.08065
1896 6.0845
1897 6.08848
1898 6.09217
1899 6.09578
1900 6.09984
1901 6.10372
1902 6.10717
1903 6.11045
1904 6.11396
1905 6.11786
1906 6.1216
1907 6.12552
1908 6.12954
1909 6.13374
1910 6.13755
1911 6.14137
1912 6.14491
1913 6.14904
1914 6.15273
1915 6.1565
1916 6.15979
1917 6.16366
1918 6.16772
1919 6.17179
1920 6.17548
1921 6.17922
1922 6.18315
1923 6.18688
1924 6.19044
1925 6.19446
1926 6.19835
1927 6.20195
1928 6.20605
1929 6.20995
1930 6.21367
1931 6.2176
1932 6.22135
1933 6.22495
1934 6.22879
1935 6.23269
1936 6.23636
1937 6.23993
1938 6.24397
1939 6.24779
1940 6.25142
1941 6.25502
1942 6.25872
1943 6.26248
1944 6.26601
1945 6.26986
1946 6.27358
1947 6.27725
1948 6.28124
1949 6.28474
1950 6.2887
1951 6.29251
1952 6.29655
1953 6.30038
1954 6.30395
1955 6.3079
1956 6.31155
1957 6.31539
1958 6.31907
1959 6.32283
1960 6.32665
1961 6.33034
1962 6.3339
1963 6.33804
1964 6.34213
1965 6.34598
1966 6.34991
1967 6.35366
1968 6.35764
1969 6.36132
1970 6.36532
1971 6.36925
1972 6.3732
1973 6.37693
1974 6.38083
1975 6.38448
1976 6.38833
1977 6.39218
1978 6.39643
1979 6.40027
1980 6.40415
1981 6.40803
1982 6.41175
1983 6.41561
1984 6.41943
1985 6.42336
1986 6.42674
1987 6.43059
1988 6.43447
1989 6.43819
1990 6.44191
1991 6.44557
1992 6.44922
1993 6.4528
1994 6.45641
1995 6.45981
1996 6.46373
1997 6.46723
1998 6.47103
1999 6.47482
2000 6.47856
2001 6.48207
2002 6.4857
2003 6.48913
2004 6.49281
2005 6.49711
2006 6.50083
2007 6.50504
2008 6.50912
2009 6.51287
2010 6.51667
2011 6.52051
2012 6.52431
2013 6.52818
2014 6.53242
2015 6.53637
2016 6.54017
2017 6.54391
2018 6.54759
2019 6.55131
2020 6.55545
2021 6.5592
2022 6.56272
2023 6.56685
2024 6.57041
2025 6.5742
2026 6.57788
2027 6.58154
2028 6.58571
2029 6.58935
2030 6.59303
2031 6.59684
2032 6.60097
2033 6.60469
2034 6.60848
2035 6.61241
2036 6.61622
2037 6.6199
2038 6.62383
2039 6.62733
2040 6.63101
2041 6.63474
2042 6.63837
2043 6.64194
2044 6.6458
2045 6.6498
2046 6.65392
2047 6.65762
2048 6.66141
2049 6.66529
2050 6.66913
2051 6.67292
2052 6.67684
2053 6.68055
2054 6.68417
2055 6.68822
2056 6.69165
2057 6.69543
2058 6.69902
2059 6.70302
2060 6.70662
2061 6.7105
2062 6.71421
2063 6.71777
2064 6.72147
2065 6.7252
2066 6.72905
2067 6.73266
2068 6.73645
2069 6.7403
2070 6.74429
2071 6.74794
2072 6.75174
2073 6.75537
2074 6.75912
2075 6.76301
2076 6.7669
2077 6.77044
2078 6.77399
2079 6.7778
2080 6.78178
2081 6.78555
2082 6.78908
2083 6.79309
2084 6.79674
2085 6.80036
2086 6.80418
2087 6.80811
2088 6.81173
2089 6.81559
2090 6.8196
2091 6.82332
2092 6.82723
2093 6.83125
2094 6.83487
2095 6.83863
2096 6.8426
2097 6.84627
2098 6.85006
2099 6.85405
2100 6.85779
2101 6.86143
2102 6.86533
2103 6.86884
2104 6.87289
2105 6.87672
2106 6.88067
2107 6.88473
2108 6.88853
2109 6.89221
2110 6.89598
2111 6.89991
2112 6.90361
2113 6.9074
2114 6.91079
2115 6.91469
2116 6.91844
2117 6.9221
2118 6.92587
2119 6.92981
2120 6.9338
2121 6.93749
2122 6.94145
2123 6.94522
2124 6.94918
2125 6.95288
2126 6.95699
2127 6.96071
2128 6.96421
2129 6.96821
2130 6.97233
2131 6.97611
2132 6.97939
2133 6.98343
2134 6.98745
2135 6.99118
2136 6.99534
2137 6.99913
2138 7.00312
2139 7.00661
2140 7.01018
2141 7.01388
2142 7.01732
2143 7.02115
2144 7.02533
2145 7.02881
2146 7.0326
2147 7.03652
2148 7.04038
2149 7.04409
2150 7.04809
2151 7.05187
2152 7.05554
2153 7.05934
2154 7.06344
2155 7.06668
2156 7.07057
2157 7.07452
2158 7.07795
2159 7.0818
2160 7.0857
2161 7.08939
2162 7.09329
2163 7.09688
2164 7.10053
2165 7.10419
2166 7.10795
2167 7.11176
2168 7.11551
2169 7.11931
2170 7.12361
2171 7.12741
2172 7.13094
2173 7.13479
2174 7.1387
2175 7.14227
2176 7.14581
2177 7.14943
2178 7.15327
2179 7.15707
2180 7.16073
2181 7.1644
2182 7.1683
2183 7.17237
2184 7.1764
2185 7.18043
2186 7.18412
2187 7.18795
2188 7.19149
2189 7.19559
2190 7.19923
2191 7.20286
2192 7.20668
2193 7.21017
2194 7.21371
2195 7.21746
2196 7.22153
2197 7.2254
2198 7.2292
2199 7.23312
2200 7.23681
2201 7.24048
2202 7.24435
2203 7.2481
2204 7.25196
2205 7.25591
2206 7.25968
2207 7.26353
2208 7.26735
2209 7.27147
2210 7.27525
2211 7.27885
2212 7.28263
2213 7.28631
2214 7.29039
2215 7.29436
2216 7.29784
2217 7.30179
2218 7.30572
2219 7.30957
2220 7.3135
2221 7.31698
2222 7.32058
2223 7.32459
2224 7.32858
2225 7.33243
2226 7.33604
2227 7.33963
2228 7.34321
2229 7.34657
2230 7.35057
2231 7.35437
2232 7.35823
2233 7.36187
2234 7.36571
2235 7.3693
2236 7.3729
2237 7.37666
2238 7.38046
2239 7.38417
2240 7.38795
2241 7.39174
2242 7.3956
2243 7.39924
2244 7.40252
2245 7.40643
2246 7.41031
2247 7.41404
2248 7.41772
2249 7.42146
2250 7.42556
2251 7.42926
2252 7.43329
2253 7.43716
2254 7.44099
2255 7.44452
2256 7.4483
2257 7.45193
2258 7.45587
2259 7.45954
2260 7.46318
2261 7.46689
2262 7.47053
2263 7.47433
2264 7.47798
2265 7.48198
2266 7.48551
2267 7.48929
2268 7.493
2269 7.49681
2270 7.50064
2271 7.50472
2272 7.50851
2273 7.51231
2274 7.51621
2275 7.52001
2276 7.52396
2277 7.52731
2278 7.53091
2279 7.53489
2280 7.53872
2281 7.54253
2282 7.54664
2283 7.55042
2284 7.5543
2285 7.55791
2286 7.56173
2287 7.56541
2288 7.56942
2289 7.57329
2290 7.57676
2291 7.5805
2292 7.58415
2293 7.58789
2294 7.59158
2295 7.5954
2296 7.59933
2297 7.60344
2298 7.60697
2299 7.61116
2300 7.61502
2301 7.61904
2302 7.62262
2303 7.62616
2304 7.62995
2305 7.63402
2306 7.63753
2307 7.64131
2308 7.64514
2309 7.64934
2310 7.65326
2311 7.65689
2312 7.66104
2313 7.66482
2314 7.66838
2315 7.67192
2316 7.67562
2317 7.67914
2318 7.68309
2319 7.68698
2320 7.69078
2321 7.69442
2322 7.69796
2323 7.70179
2324 7.70589
2325 7.7094
2326 7.71294
2327 7.71653
2328 7.72003
2329 7.72365
2330 7.72739
2331 7.731
2332 7.73476
2333 7.73861
2334 7.74219
2335 7.74582
2336 7.7498
2337 7.75365
2338 7.7571
2339 7.76079
2340 7.76455
2341 7.76848
2342 7.77232
2343 7.77651
2344 7.78007
2345 7.78381
2346 7.78765
2347 7.79142
2348 7.79552
2349 7.79918
2350 7.80289
2351 7.80645
2352 7.81017
2353 7.81373
2354 7.81764
2355 7.82164
2356 7.82544
2357 7.82924
2358 7.83312
2359 7.83677
2360 7.84055
2361 7.84409
2362 7.84771
2363 7.85149
2364 7.85542
2365 7.85944
2366 7.86331
2367 7.86699
2368 7.87089
2369 7.87452
2370 7.8786
2371 7.8824
2372 7.88636
2373 7.89004
2374 7.89369
2375 7.89753
2376 7.90132
2377 7.9052
2378 7.90884
2379 7.91259
2380 7.91629
2381 7.92031
2382 7.92409
2383 7.92781
2384 7.93153
2385 7.93511
2386 7.93915
2387 7.94318
2388 7.94683
2389 7.9503
2390 7.95425
2391 7.95776
2392 7.96175
2393 7.96541
2394 7.96935
2395 7.97287
2396 7.97651
2397 7.98048
2398 7.98429
2399 7.9882
2400 7.99214
2401 7.99574
2402 7.99951
2403 8.00326
2404 8.00692
2405 8.01074
2406 8.0142
2407 8.01773
2408 8.02139
2409 8.02522
2410 8.02923
2411 8.0333
2412 8.03705
2413 8.04056
2414 8.04455
2415 8.04858
2416 8.05225
2417 8.05569
2418 8.05947
2419 8.06338
2420 8.0668
2421 8.07038
2422 8.07421
2423 8.07805
2424 8.08185
2425 8.0859
2426 8.08938
2427 8.09336
2428 8.09746
2429 8.10123
2430 8.10494
2431 8.10865
2432 8.1127
2433 8.11631
2434 8.12004
2435 8.12381
2436 8.12724
2437 8.13126
2438 8.13493
2439 8.13865
2440 8.14244
2441 8.1459
2442 8.14963
2443 8.15348
2444 8.15698
2445 8.16055
2446 8.16422
2447 8.16822
2448 8.17182
2449 8.17549
2450 8.1793
2451 8.18299
2452 8.18675
2453 8.19079
2454 8.19485
2455 8.19877
2456 8.20274
2457 8.20659
2458 8.2107
2459 8.21431
2460 8.21799
2461 8.2218
2462 8.22542
2463 8.22931
2464 8.2332
2465 8.23705
2466 8.24086
2467 8.2446
2468 8.24837
2469 8.25221
2470 8.25604
2471 8.25956
2472 8.26325
2473 8.26724
2474 8.27125
2475 8.27521
2476 8.2786
2477 8.28273
2478 8.28638
2479 8.29006
2480 8.29377
2481 8.2974
2482 8.30102
2483 8.30463
2484 8.3084
2485 8.3122
2486 8.31605
2487 8.31989
2488 8.3238
2489 8.32732
2490 8.33101
2491 8.33445
2492 8.33803
2493 8.34155
2494 8.34569
2495 8.34941
2496 8.35327
2497 8.35679
2498 8.3603
2499 8.36404
2500 8.36736
2501 8.37108
2502 8.37486
2503 8.37889
2504 8.3825
2505 8.38637
2506 8.38994
2507 8.39386
2508 8.3977
2509 8.40158
2510 8.40528
2511 8.40889
2512 8.41267
2513 8.41689
2514 8.42043
2515 8.42418
2516 8.42794
2517 8.43153
2518 8.43524
2519 8.43873
2520 8.44255
2521 8.44634
2522 8.45035
2523 8.45407
2524 8.45786
2525 8.46137
2526 8.46469
2527 8.46869
2528 8.47245
2529 8.47633
2530 8.48004
2531 8.48374
2532 8.48768
2533 8.49138
2534 8.49522
2535 8.49926
2536 8.50283
2537 8.50653
2538 8.51003
2539 8.51371
2540 8.51765
2541 8.52166
2542 8.52527
2543 8.52902
2544 8.53298
2545 8.53666
2546 8.54023
2547 8.54399
2548 8.54738
2549 8.55105
2550 8.55484
2551 8.55836
2552 8.56185
2553 8.56599
2554 8.56939
2555 8.57336
2556 8.57728
2557 8.58131
2558 8.58522
2559 8.58895
2560 8.59246
2561 8.5961
2562 8.60002
2563 8.60373
2564 8.60756
2565 8.61145
2566 8.615
2567 8.61881
2568 8.62253
2569 8.62619
2570 8.62974
2571 8.63329
2572 8.63696
2573 8.64094
2574 8.64485
2575 8.64883
2576 8.65223
2577 8.65581
2578 8.65963
2579 8.66342
2580 8.66688
2581 8.67072
2582 8.67452
2583 8.67813
2584 8.682
2585 8.68573
2586 8.68948
2587 8.69338
2588 8.69693
2589 8.7009
2590 8.70487
2591 8.70832
2592 8.71206
2593 8.71578
2594 8.71942
2595 8.72343
2596 8.72724
2597 8.73086
2598 8.73447
2599 8.73822
2600 8.74241
2601 8.74637
2602 8.74975
2603 8.7535
2604 8.75707
2605 8.76068
2606 8.76422
2607 8.76797
2608 8.77199
2609 8.77581
2610 8.77941
2611 8.78334
2612 8.78717
2613 8.7909
2614 8.79464
2615 8.79832
2616 8.80195
2617 8.80554
2618 8.80949
2619 8.8135
2620 8.81752
2621 8.82104
2622 8.82463
2623 8.82809
2624 8.83202
2625 8.83582
2626 8.83968
2627 8.84329
2628 8.84724
2629 8.8513
2630 8.8549
2631 8.85829
2632 8.86181
2633 8.86589
2634 8.86965
2635 8.87321
2636 8.87691
2637 8.88044
2638 8.88372
2639 8.88709
2640 8.89083
2641 8.89443
2642 8.89878
2643 8.90258
2644 8.90646
2645 8.91021
2646 8.91414
2647 8.91781
2648 8.92149
2649 8.92518
2650 8.929
2651 8.93287
2652 8.93659
2653 8.94049
2654 8.94411
2655 8.94753
2656 8.95152
2657 8.9555
2658 8.95919
2659 8.96285
2660 8.96678
2661 8.97073
2662 8.97437
2663 8.97806
2664 8.98194
2665 8.98599
2666 8.98949
2667 8.99301
2668 8.9969
2669 9.00049
2670 9.00424
2671 9.00781
2672 9.01167
2673 9.01504
2674 9.01879
2675 9.02246
2676 9.02619
2677 9.02944
2678 9.03292
2679 9.03671
2680 9.04042
2681 9.04439
2682 9.0482
2683 9.05166
2684 9.0553
2685 9.05933
2686 9.06302
2687 9.06691
2688 9.07043
2689 9.07392
2690 9.07781
2691 9.08155
2692 9.08529
2693 9.08882
2694 9.09256
2695 9.09626
2696 9.09994
2697 9.1036
2698 9.10719
2699 9.11114
2700 9.11479
2701 9.11849
2702 9.12202
2703 9.12561
2704 9.12932
2705 9.13297
2706 9.13683
2707 9.14068
2708 9.14433
2709 9.14789
2710 9.15172
2711 9.15576
2712 9.15921
2713 9.16316
2714 9.16688
2715 9.17106
2716 9.1747
2717 9.17834
2718 9.18226
2719 9.18599
2720 9.18983
2721 9.19348
2722 9.19709
2723 9.20055
2724 9.20422
2725 9.20779
2726 9.21152
2727 9.21498
2728 9.21894
2729 9.22271
2730 9.22671
2731 9.2305
2732 9.2347
2733 9.23835
2734 9.24212
2735 9.24566
2736 9.24951
2737 9.25311
2738 9.257
2739 9.26064
2740 9.26434
2741 9.26805
2742 9.27151
2743 9.27518
2744 9.27927
2745 9.2832
2746 9.28663
2747 9.29021
2748 9.29383
2749 9.29735
2750 9.30097
2751 9.30432
2752 9.30792
2753 9.3119
2754 9.31542
2755 9.3189
2756 9.32271
2757 9.32635
2758 9.33015
2759 9.33403
2760 9.33782
2761 9.34151
2762 9.34499
2763 9.34855
2764 9.35182
2765 9.35532
2766 9.35915
2767 9.3624
2768 9.3661
2769 9.3697
2770 9.3735
2771 9.37674
2772 9.38025
2773 9.38406
2774 9.38773
2775 9.39166
2776 9.39527
2777 9.3991
2778 9.40299
2779 9.40634
2780 9.40994
2781 9.41374
2782 9.41722
2783 9.42131
2784 9.42529
2785 9.42887
2786 9.43293
2787 9.43685
2788 9.44086
2789 9.44475
2790 9.44827
2791 9.45171
2792 9.45536
2793 9.45937
2794 9.46305
2795 9.46666
2796 9.47052
2797 9.474
2798 9.47768
2799 9.48152
2800 9.48514
2801 9.48886
2802 9.49245
2803 9.49597
2804 9.49956
2805 9.50336
2806 9.50704
2807 9.51079
2808 9.51458
2809 9.51804
2810 9.52182
2811 9.52553
2812 9.52905
2813 9.53271
2814 9.53641
2815 9.5396
2816 9.54321
2817 9.54682
2818 9.55015
2819 9.55407
2820 9.55776
2821 9.56144
2822 9.56494
2823 9.56867
2824 9.57203
2825 9.57565
2826 9.57935
2827 9.58283
2828 9.58613
2829 9.58963
2830 9.59338
2831 9.59694
2832 9.60058
2833 9.60407
2834 9.60744
2835 9.61094
2836 9.61434
2837 9.618
2838 9.62137
2839 9.62508
2840 9.62874
2841 9.63211
2842 9.63579
2843 9.63951
2844 9.64305
2845 9.64643
2846 9.65017
2847 9.65362
2848 9.65691
2849 9.66056
2850 9.66397
2851 9.66725
2852 9.67042
2853 9.67403
2854 9.67743
2855 9.6804
2856 9.68371
2857 9.68724
2858 9.69038
2859 9.69381
2860 9.69725
2861 9.70071
2862 9.70397
2863 9.70709
2864 9.71028
2865 9.71337
2866 9.71654
2867 9.71957
2868 9.72239
2869 9.72533
2870 9.72836
2871 9.73146
2872 9.73431
2873 9.73735
2874 9.74039
2875 9.74333
2876 9.74626
2877 9.7493
2878 9.75204
2879 9.75505
2880 9.75832
2881 9.76091
2882 9.76375
2883 9.76694
2884 9.76976
2885 9.77264
2886 9.77525
2887 9.77801
2888 9.78049
2889 9.78319
2890 9.78586
2891 9.78873
2892 9.79132
2893 9.79375
2894 9.79617
2895 9.79869
2896 9.80138
2897 9.80391
2898 9.80644
2899 9.80886
2900 9.81128
2901 9.81373
2902 9.81619
2903 9.81862
2904 9.82122
2905 9.82367
2906 9.82628
2907 9.82892
2908 9.83134
2909 9.83336
2910 9.83585
2911 9.83816
2912 9.84047
2913 9.84274
2914 9.84507
2915 9.8475
2916 9.84953
2917 9.85175
2918 9.854
2919 9.85616
2920 9.85795
2921 9.86009
2922 9.86225
2923 9.86409
2924 9.86604
2925 9.86809
2926 9.87048
2927 9.87245
2928 9.87447
2929 9.87672
2930 9.87873
2931 9.88057
2932 9.88256
2933 9.88453
2934 9.88632
2935 9.88809
2936 9.88968
2937 9.89134
2938 9.89309
2939 9.89464
2940 9.89622
2941 9.89788
2942 9.89944
2943 9.90133
2944 9.90306
2945 9.90452
2946 9.90609
2947 9.90765
2948 9.90918
2949 9.91084
2950 9.91229
2951 9.91374
2952 9.91509
2953 9.91663
2954 9.91822
2955 9.91969
2956 9.92119
2957 9.92263
2958 9.92393
2959 9.92534
2960 9.92683
2961 9.92818
2962 9.92952
2963 9.93098
2964 9.93237
2965 9.93354
2966 9.93489
2967 9.93623
2968 9.93752
2969 9.93874
2970 9.93997
2971 9.94112
2972 9.94219
2973 9.9434
2974 9.94442
2975 9.94553
2976 9.94675
2977 9.94786
2978 9.94903
2979 9.94993
2980 9.95117
2981 9.95222
2982 9.95319
2983 9.95424
2984 9.95537
2985 9.95632
2986 9.95724
2987 9.9582
2988 9.95909
2989 9.96003
2990 9.96102
2991 9.96196
2992 9.963
2993 9.96398
2994 9.96463
2995 9.9656
2996 9.96635
2997 9.96729
2998 9.96809
2999 9.96888
3000 9.96975
3001 9.97054
3002 9.97123
3003 9.97201
3004 9.9728
3005 9.97345
3006 9.97424
3007 9.97494
3008 9.97567
3009 9.97643
3010 9.977
3011 9.97764
3012 9.97824
3013 9.97898
3014 9.97957
3015 9.98013
3016 9.98091
3017 9.98142
3018 9.98203
3019 9.98262
3020 9.98317
3021 9.98384
3022 9.98445
3023 9.98492
3024 9.98542
3025 9.98598
3026 9.98653
3027 9.98707
3028 9.98761
3029 9.98802
3030 9.98845
3031 9.989
3032 9.98949
3033 9.99006
3034 9.99061
3035 9.99117
3036 9.99173
3037 9.99207
3038 9.99244
3039 9.99291
3040 9.99329
3041 9.99366
3042 9.99403
3043 9.99431
3044 9.99475
3045 9.99511
3046 9.99549
3047 9.99588
3048 9.99627
3049 9.99658
3050 9.99696
3051 9.99731
3052 9.9976
3053 9.99803
3054 9.99841
3055 9.99871
3056 9.9992
3057 9.99955
3058 9.99989
3059 10
3060 10
3061 10
3062 10
3063 10
3064 10
3065 10
3066 10
3067 10
3068 10
3069 10
3070 10
3071 10
3072 10
3073 10
3074 10
3075 10
3076 10
3077 10
3078 10
3079 10
3080 10
3081 10
3082 10
3083 10
3084 10
3085 10
3086 10
3087 10
3088 10
3089 10
3090 10
3091 10
3092 10
3093 10
3094 10
3095 10
3096 10
3097 10
3098 10
3099 10
3100 10
3101 10
3102 10
3103 10
3104 10
3105 10
3106 10
3107 10
3108 10
3109 10
3110 10
3111 10
3112 10
3113 10
3114 10
3115 10
3116 10
3117 10
3118 10
3119 10
3120 10
3121 10
3122 10
3123 10
3124 10
3125 10
3126 10
3127 10
3128 10
3129 10
3130 10
3131 10
3132 10
3133 10
3134 10
3135 10
3136 10
3137 10
3138 10
3139 10
3140 10
3141 10
3142 10
3143 10
3144 10
3145 10
3146 10
3147 10
3148 10
3149 10
3150 10
3151 10
3152 10
3153 10
3154 10
3155 10
3156 10
3157 10
3158 10
3159 10
3160 10
3161 10
3162 10
3163 10
3164 10
3165 10
3166 10
3167 10
3168 10
3169 10
3170 10
3171 10
3172 10
3173 10
3174 10
3175 10
3176 10
3177 10
3178 10
3179 10
3180 10
3181 10
3182 10
3183 10
3184 10
3185 10
3186 10
3187 10
3188 10
3189 10
3190 10
3191 10
3192 10
3193 10
3194 10
3195 10
3196 10
3197 10
3198 10
3199 10
3200 10
3201 10
3202 10
3203 10
3204 10
3205 10
3206 10
3207 10
3208 10
3209 10
3210 10
3211 10
3212 10
3213 10
3214 10
3215 10
3216 10
3217 10
3218 10
3219 10
3220 10
3221 10
3222 10
3223 10
3224 10
3225 10
3226 10
3227 10
3228 10
3229 10
3230 10
3231 10
3232 10
3233 10
3234 10
3235 10
3236 10
3237 10
3238 10
3239 10
3240 10
3241 10
3242 10
3243 10
3244 10
3245 10
3246 10
3247 10
3248 10
3249 10
3250 10
3251 10
3252 10
3253 10
3254 10
3255 10
3256 10
3257 10
3258 10
3259 10
3260 10
3261 10
3262 10
3263 10
3264 10
3265 10
3266 10
3267 10
3268 10
3269 10
3270 10
3271 10
3272 10
3273 10
3274 10
3275 10
3276 10
3277 10
3278 10
3279 10
3280 10
3281 10
3282 10
3283 10
3284 10
3285 10
3286 10
3287 10
3288 10
3289 10
3290 10
3291 10
3292 10
3293 10
3294 10
3295 10
3296 10
3297 10
3298 10
3299 10
3300 10
3301 10
3302 10
3303 10
3304 10
3305 10
3306 10
3307 10
3308 10
3309 10
3310 10
3311 10
3312 10
3313 10
3314 10
3315 10
3316 10
3317 10
3318 10
3319 10
3320 10
3321 10
3322 10
3323 10
3324 10
3325 10
3326 10
3327 10
3328 10
3329 10
3330 10
3331 10
3332 10
3333 10
3334 10
3335 10
3336 10
3337 10
3338 10
3339 10
3340 10
3341 10
3342 10
3343 10
3344 10
3345 10
3346 10
3347 10
3348 10
3349 10
3350 10
3351 10
3352 10
3353 10
3354 10
3355 10
3356 10
3357 10
3358 10
3359 10
3360 10
3361 10
3362 10
3363 10
3364 10
3365 10
3366 10
3367 10
3368 10
3369 10
3370 10
3371 10
3372 10
3373 10
3374 10
3375 10
3376 10
3377 10
3378 10
3379 10
3380 10
3381 10
3382 10
3383 10
3384 10
3385 10
3386 10
3387 10
3388 10
3389 10
3390 10
3391 10
3392 10
3393 10
3394 10
3395 10
3396 10
3397 10
3398 10
3399 10
3400 10
3401 10
3402 10
3403 10
3404 10
3405 10
3406 10
3407 10
3408 10
3409 10
3410 10
3411 10
3412 10
3413 10
3414 10
3415 10
3416 10
3417 10
3418 10
3419 10
3420 10
3421 10
3422 10
3423 10
3424 10
3425 10
3426 10
3427 10
3428 10
3429 10
3430 10
3431 10
3432 10
3433 10
3434 10
3435 10
3436 10
3437 10
3438 10
3439 10
3440 10
3441 10
3442 10
3443 10
3444 10
3445 10
3446 10
3447 10
3448 10
3449 10
3450 10
3451 10
3452 10
3453 10
3454 10
3455 10
3456 10
3457 10
3458 10
3459 10
3460 10
3461 10
3462 10
3463 10
3464 10
3465 10
3466 10
3467 10
3468 10
3469 10
3470 10
3471 10
3472 10
3473 10
3474 10
3475 10
3476 10
3477 10
3478 10
3479 10
3480 10
3481 10
3482 10
3483 10
3484 10
3485 10
3486 10
3487 10
3488 10
3489 10
3490 10
3491 10
3492 10
3493 10
3494 10
3495 10
3496 10
3497 10
3498 10
3499 10
3500 10
3501 10
3502 10
3503 10
3504 10
3505 10
3506 10
3507 10
3508 10
3509 10
3510 10
3511 10
3512 10
3513 10
3514 10
3515 10
3516 10
3517 10
3518 10
3519 10
3520 10
3521 10
3522 10
3523 10
3524 10
3525 10
3526 10
3527 10
3528 10
3529 10
3530 10
3531 10
3532 10
3533 10
3534 10
3535 10
3536 10
3537 10
3538 10
3539 10
3540 10
3541 10
3542 10
3543 10
3544 10
3545 10
3546 10
3547 10
3548 10
3549 10
3550 10
3551 10
3552 10
3553 10
3554 10
3555 10
3556 10
3557 10
3558 10
3559 10
3560 10
3561 10
3562 10
3563 10
3564 10
3565 10
3566 10
3567 10
3568 10
3569 10
3570 10
3571 10
3572 10
3573 10
3574 10
3575 10
3576 10
3577 10
3578 10
3579 10
3580 10
3581 10
3582 10
3583 10
3584 10
3585 10
3586 10
3587 10
3588 10
3589 10
3590 10
3591 10
3592 10
3593 10
3594 10
3595 10
3596 10
3597 10
3598 10
3599 10
3600 10
3601 10
3602 10
3603 10
3604 10
3605 10
3606 10
3607 10
3608 10
3609 10
3610 10
3611 10
3612 10
3613 10
3614 10
3615 10
3616 10
3617 10
3618 10
3619 10
3620 10
3621 10
3622 10
3623 10
3624 10
3625 10
3626 10
3627 10
3628 10
3629 10
3630 10
3631 10
3632 10
3633 10
3634 10
3635 10
3636 10
3637 10
3638 10
3639 10
3640 10
3641 10
3642 10
3643 10
3644 10
3645 10
3646 10
3647 10
3648 10
3649 10
3650 10
3651 10
3652 10
3653 10
3654 10
3655 10
3656 10
3657 10
3658 10
3659 10
3660 10
3661 10
3662 10
3663 10
3664 10
3665 10
3666 10
3667 10
3668 10
3669 10
3670 10
3671 10
3672 10
3673 10
3674 10
3675 10
3676 10
3677 10
3678 10
3679 10
3680 10
3681 10
3682 10
3683 10
3684 10
3685 10
3686 10
3687 10
3688 10
3689 10
3690 10
3691 10
3692 10
3693 10
3694 10
3695 10
3696 10
3697 10
3698 10
3699 10
3700 10
3701 10
3702 10
3703 10
3704 10
3705 10
3706 10
3707 10
3708 10
3709 10
3710 10
3711 10
3712 10
3713 10
3714 10
3715 10
3716 10
3717 10
3718 10
3719 10
3720 10
3721 10
3722 10
3723 10
3724 10
3725 10
3726 10
3727 10
3728 10
3729 10
3730 10
3731 10
3732 10
3733 10
3734 10
3735 10
3736 10
3737 10
3738 10
3739 10
3740 10
3741 10
3742 10
3743 10
3744 10
3745 10
3746 10
3747 10
3748 10
3749 10
3750 10
3751 10
3752 10
3753 10
3754 10
3755 10
3756 10
3757 10
3758 10
3759 10
3760 10
3761 10
3762 10
3763 10
3764 10
3765 10
3766 10
3767 10
3768 10
3769 10
3770 10
3771 10
3772 10
3773 10
3774 10
3775 10
3776 10
3777 10
3778 10
3779 10
3780 10
3781 10
3782 10
3783 10
3784 10
3785 10
3786 10
3787 10
3788 10
3789 10
3790 10
3791 10
3792 10
3793 10
3794 10
3795 10
3796 10
3797 10
3798 10
3799 10
3800 10
3801 10
3802 10
3803 10
3804 10
3805 10
3806 10
3807 10
3808 10
3809 10
3810 10
3811 10
3812 10
3813 10
3814 10
3815 10
3816 10
3817 10
3818 10
3819 10
3820 10
3821 10
3822 10
3823 10
3824 10
3825 10
3826 10
3827 10
3828 10
3829 10
3830 10
3831 10
3832 10
3833 10
3834 10
3835 10
3836 10
3837 10
3838 10
3839 10
3840 10
3841 10
3842 10
3843 10
3844 10
3845 10
3846 10
3847 10
3848 10
3849 10
3850 10
3851 10
3852 10
3853 10
3854 10
3855 10
3856 10
3857 10
3858 10
3859 10
3860 10
3861 10
3862 10
3863 10
3864 10
3865 10
3866 10
3867 10
3868 10
3869 10
3870 10
3871 10
3872 10
3873 10
3874 10
3875 10
3876 10
3877 10
3878 10
3879 10
3880 10
3881 10
3882 10
3883 10
3884 10
3885 10
3886 10
3887 10
3888 10
3889 10
3890 10
3891 10
3892 10
3893 10
3894 10
3895 10
3896 10
3897 10
3898 10
3899 10
3900 10
3901 10
3902 10
3903 10
3904 10
3905 10
3906 10
3907 10
3908 10
3909 10
3910 10
3911 10
3912 10
3913 10
3914 10
3915 10
3916 10
3917 10
3918 10
3919 10
3920 10
3921 10
3922 10
3923 10
3924 10
3925 10
3926 10
3927 10
3928 10
3929 10
3930 10
3931 10
3932 10
3933 10
3934 10
3935 10
3936 10
3937 10
3938 10
3939 10
3940 10
3941 10
3942 10
3943 10
3944 10
3945 10
3946 10
3947 10
3948 10
3949 10
3950 10
3951 10
3952 10
3953 10
3954 10
3955 10
3956 10
3957 10
3958 10
3959 10
3960 10
3961 10
3962 10
3963 10
3964 10
3965 10
3966 10
3967 10
3968 10
3969 10
3970 10
3971 10
3972 10
3973 10
3974 10
3975 10
3976 10
3977 10
3978 10
3979 10
3980 10
3981 10
3982 10
3983 10
3984 10
3985 10
3986 10
3987 10
3988 10
3989 10
3990 10
3991 10
3992 10
3993 10
3994 10
3995 10
3996 10
3997 10
3998 10
3999 10
4000 10
4001 10
4002 10
4003 10
4004 10
4005 10
4006 10
4007 10
4008 10
4009 10
4010 10
4011 10
4012 10
4013 10
4014 10
4015 10
4016 10
4017 10
4018 10
4019 10
4020 10
4021 10
4022 10
4023 10
4024 10
4025 10
4026 10
4027 10
4028 10
4029 10
4030 10
4031 10
4032 10
4033 10
4034 10
4035 10
4036 10
4037 10
4038 10
4039 10
4040 10
4041 10
4042 10
4043 10
4044 10
4045 10
4046 10
4047 10
4048 10
4049 10
4050 10
4051 10
4052 10
4053 10
4054 10
4055 10
4056 10
4057 10
4058 10
4059 10
4060 10
4061 10
4062 10
4063 10
4064 10
4065 10
4066 10
4067 10
4068 10
4069 10
4070 10
4071 10
4072 10
4073 10
4074 10
4075 10
4076 10
4077 10
4078 10
4079 10
4080 10
4081 10
4082 10
4083 10
4084 10
4085 10
4086 10
4087 10
4088 10
4089 10
4090 10
4091 10
4092 10
4093 10
4094 10
4095 10
4096 10
4097 10
4098 10
4099 10
4100 10
4101 10
4102 10
4103 10
4104 10
4105 10
4106 10
4107 10
4108 10
4109 10
4110 10
4111 10
4112 10
4113 10
4114 10
4115 10
4116 10
4117 10
4118 10
4119 10
4120 10
4121 10
4122 10
4123 10
4124 10
4125 10
4126 10
4127 10
4128 10
4129 10
4130 10
4131 10
4132 10
4133 10
4134 10
4135 10
4136 10
4137 10
4138 10
4139 10
4140 10
4141 10
4142 10
4143 10
4144 10
4145 10
4146 10
4147 10
4148 10
4149 10
4150 10
4151 10
4152 10
4153 10
4154 10
4155 10
4156 10
4157 10
4158 10
4159 10
4160 10
4161 10
4162 10
4163 10
4164 10
4165 10
4166 10
4167 10
4168 10
4169 10
4170 10
4171 10
4172 10
4173 10
4174 10
4175 10
4176 10
4177 10
4178 10
4179 10
4180 10
4181 10
4182 10
4183 10
4184 10
4185 10
4186 10
4187 10
4188 10
4189 10
4190 10
4191 10
4192 10
4193 10
4194 10
4195 10
4196 10
4197 10
4198 10
4199 10
4200 10
4201 10
4202 10
4203 10
4204 10
4205 10
4206 10
4207 10
4208 10
4209 10
4210 10
4211 10
4212 10
4213 10
4214 10
4215 10
4216 10
4217 10
4218 10
4219 10
4220 10
4221 10
4222 10
4223 10
4224 10
4225 10
4226 10
4227 10
4228 10
4229 10
4230 10
4231 10
4232 10
4233 10
4234 10
4235 10
4236 10
4237 10
4238 10
4239 10
4240 10
4241 10
4242 10
4243 10
4244 10
4245 10
4246 10
4247 10
4248 10
4249 10
4250 10
4251 10
4252 10
4253 10
4254 10
4255 10
4256 10
4257 10
4258 10
4259 10
4260 10
4261 10
4262 10
4263 10
4264 10
4265 10
4266 10
4267 10
4268 10
4269 10
4270 10
4271 10
4272 10
4273 10
4274 10
4275 10
4276 10
4277 10
4278 10
4279 10
4280 10
4281 10
4282 10
4283 10
4284 10
4285 10
4286 10
4287 10
4288 10
4289 10
4290 10
4291 10
4292 10
4293 10
4294 10
4295 10
4296 10
4297 10
4298 10
4299 10
4300 10
4301 10
4302 10
4303 10
4304 10
4305 10
4306 10
4307 10
4308 10
4309 10
4310 10
4311 10
4312 10
4313 10
4314 10
4315 10
4316 10
4317 10
4318 10
4319 10
4320 10
4321 10
4322 10
4323 10
4324 10
4325 10
4326 10
4327 10
4328 10
4329 10
4330 10
4331 10
4332 10
4333 10
4334 10
4335 10
4336 10
4337 10
4338 10
4339 10
4340 10
4341 10
4342 10
4343 10
4344 10
4345 10
4346 10
4347 10
4348 10
4349 10
4350 10
4351 10
4352 10
4353 10
4354 10
4355 10
4356 10
4357 10
4358 10
4359 10
4360 10
4361 10
4362 10
4363 10
4364 10
4365 10
4366 10
4367 10
4368 10
4369 10
4370 10
4371 10
4372 10
4373 10
4374 10
4375 10
4376 10
4377 10
4378 10
4379 10
4380 10
4381 10
4382 10
4383 10
4384 10
4385 10
4386 10
4387 10
4388 10
4389 10
4390 10
4391 10
4392 10
4393 10
4394 10
4395 10
4396 10
4397 10
4398 10
4399 10
4400 10
4401 10
4402 10
4403 10
4404 10
4405 10
4406 10
4407 10
4408 10
4409 10
4410 10
4411 10
4412 10
4413 10
4414 10
4415 10
4416 10
4417 10
4418 10
4419 10
4420 10
4421 10
4422 10
4423 10
4424 10
4425 10
4426 10
4427 10
4428 10
4429 10
4430 10
4431 10
4432 10
4433 10
4434 10
4435 10
4436 10
4437 10
4438 10
4439 10
4440 10
4441 10
4442 10
4443 10
4444 10
4445 10
4446 10
4447 10
4448 10
4449 10
4450 10
4451 10
4452 10
4453 10
4454 10
4455 10
4456 10
4457 10
4458 10
4459 10
4460 10
4461 10
4462 10
4463 10
4464 10
4465 10
4466 10
4467 10
4468 10
4469 10
4470 10
4471 10
4472 10
4473 10
4474 10
4475 10
4476 10
4477 10
4478 10
4479 10
4480 10
4481 10
4482 10
4483 10
4484 10
4485 10
4486 10
4487 10
4488 10
4489 10
4490 10
4491 10
4492 10
4493 10
4494 10
4495 10
4496 10
4497 10
4498 10
4499 10
4500 10
4501 10
4502 10
4503 10
4504 10
4505 10
4506 10
4507 10
4508 10
4509 10
4510 10
4511 10
4512 10
4513 10
4514 10
4515 10
4516 10
4517 10
4518 10
4519 10
4520 10
4521 10
4522 10
4523 10
4524 10
4525 10
4526 10
4527 10
4528 10
4529 10
4530 10
4531 10
4532 10
4533 10
4534 10
4535 10
4536 10
4537 10
4538 10
4539 10
4540 10
4541 10
4542 10
4543 10
4544 10
4545 10
4546 10
4547 10
4548 10
4549 10
4550 10
4551 10
4552 10
4553 10
4554 10
4555 10
4556 10
4557 10
4558 10
4559 10
4560 10
4561 10
4562 10
4563 10
4564 10
4565 10
4566 10
4567 10
4568 10
4569 10
4570 10
4571 10
4572 10
4573 10
4574 10
4575 10
4576 10
4577 10
4578 10
4579 10
4580 10
4581 10
4582 10
4583 10
4584 10
4585 10
4586 10
4587 10
4588 10
4589 10
4590 10
4591 10
4592 10
4593 10
4594 10
4595 10
4596 10
4597 10
4598 10
4599 10
4600 10
4601 10
4602 10
4603 10
4604 10
4605 10
4606 10
4607 10
4608 10
4609 10
4610 10
4611 10
4612 10
4613 10
4614 10
4615 10
4616 10
4617 10
4618 10
4619 10
4620 10
4621 10
4622 10
4623 10
4624 10
4625 10
4626 10
4627 10
4628 10
4629 10
4630 10
4631 10
4632 10
4633 10
4634 10
4635 10
4636 10
4637 10
4638 10
4639 10
4640 10
4641 10
4642 10
4643 10
4644 10
4645 10
4646 10
4647 10
4648 10
4649 10
4650 10
4651 10
4652 10
4653 10
4654 10
4655 10
4656 10
4657 10
4658 10
4659 10
4660 10
4661 10
4662 10
4663 10
4664 10
4665 10
4666 10
4667 10
4668 10
4669 10
4670 10
4671 10
4672 10
4673 10
4674 10
4675 10
4676 10
4677 10
4678 10
4679 10
4680 10
4681 10
4682 10
4683 10
4684 10
4685 10
4686 10
4687 10
4688 10
4689 10
4690 10
4691 10
4692 10
4693 10
4694 10
4695 10
4696 10
4697 10
4698 10
4699 10
4700 10
4701 10
4702 10
4703 10
4704 10
4705 10
4706 10
4707 10
4708 10
4709 10
4710 10
4711 10
4712 10
4713 10
4714 10
4715 10
4716 10
4717 10
4718 10
4719 10
4720 10
4721 10
4722 10
4723 10
4724 10
4725 10
4726 10
4727 10
4728 10
4729 10
4730 10
4731 10
4732 10
4733 10
4734 10
4735 10
4736 10
4737 10
4738 10
4739 10
4740 10
4741 10
4742 10
4743 10
4744 10
4745 10
4746 10
4747 10
4748 10
4749 10
4750 10
4751 10
4752 10
4753 10
4754 10
4755 10
4756 10
4757 10
4758 10
4759 10
4760 10
4761 10
4762 10
4763 10
4764 10
4765 10
4766 10
4767 10
4768 10
4769 10
4770 10
4771 10
4772 10
4773 10
4774 10
4775 10
4776 10
4777 10
4778 10
4779 10
4780 10
4781 10
4782 10
4783 10
4784 10
4785 10
4786 10
4787 10
4788 10
4789 10
4790 10
4791 10
4792 10
4793 10
4794 10
4795 10
4796 10
4797 10
4798 10
4799 10
4800 10
4801 10
4802 10
4803 10
4804 10
4805 10
4806 10
4807 10
4808 10
4809 10
4810 10
4811 10
4812 10
4813 10
4814 10
4815 10
4816 10
4817 10
4818 10
4819 10
4820 10
4821 10
4822 10
4823 10
4824 10
4825 10
4826 10
4827 10
4828 10
4829 10
4830 10
4831 10
4832 10
4833 10
4834 10
4835 10
4836 10
4837 10
4838 10
4839 10
4840 10
4841 10
4842 10
4843 10
4844 10
4845 10
4846 10
4847 10
4848 10
4849 10
4850 10
4851 10
4852 10
4853 10
4854 10
4855 10
4856 10
4857 10
4858 10
4859 10
4860 10
4861 10
4862 10
4863 10
4864 10
4865 10
4866 10
4867 10
4868 10
4869 10
4870 10
4871 10
4872 10
4873 10
4874 10
4875 10
4876 10
4877 10
4878 10
4879 10
4880 10
4881 10
4882 10
4883 10
4884 10
4885 10
4886 10
4887 10
4888 10
4889 10
4890 10
4891 10
4892 10
4893 10
4894 10
4895 10
4896 10
4897 10
4898 10
4899 10
4900 10
4901 10
4902 10
4903 10
4904 10
4905 10
4906 10
4907 10
4908 10
4909 10
4910 10
4911 10
4912 10
4913 10
4914 10
4915 10
4916 10
4917 10
4918 10
4919 10
4920 10
4921 10
4922 10
4923 10
4924 10
4925 10
4926 10
4927 10
4928 10
4929 10
4930 10
4931 10
4932 10
4933 10
4934 10
4935 10
4936 10
4937 10
4938 10
4939 10
4940 10
4941 10
4942 10
4943 10
4944 10
4945 10
4946 10
4947 10
4948 10
4949 10
4950 10
4951 10
4952 10
4953 10
4954 10
4955 10
4956 10
4957 10
4958 10
4959 10
4960 10
4961 10
4962 10
4963 10
4964 10
4965 10
4966 10
4967 10
4968 10
4969 10
4970 10
4971 10
4972 10
4973 10
4974 10
4975 10
4976 10
4977 10
4978 10
4979 10
4980 10
4981 10
4982 10
4983 10
4984 10
4985 10
4986 10
4987 10
4988 10
4989 10
4990 10
4991 10
4992 10
4993 10
4994 10
4995 10
4996 10
4997 10
4998 10
