0 0
1 0
2 0
3 0
4 0
5 0
6 0
7 0
8 0
9 0
10 0
11 0
12 0
13 0
14 0
15 0
16 0
17 0
18 0
19 0
20 0
21 0
22 0
23 0
24 0
25 0
26 0
27 0
28 0
29 0
30 0
31 0
32 0
33 0
34 0
35 0
36 0
37 0
38 0
39 0
40 0
41 0
42 0
43 0
44 0
45 0
46 0
47 0
48 0
49 0
50 0
51 0
52 0
53 0
54 0
55 0
56 0
57 0
58 0
59 0
60 0
61 0
62 0
63 0
64 0
65 0
66 0
67 0
68 0
69 0
70 0
71 0
72 0
73 0
74 0
75 0
76 0
77 0
78 0
79 0
80 0
81 0
82 0
83 0
84 0
85 0
86 0
87 0
88 0
89 0
90 0
91 0
92 0
93 0
94 0
95 0
96 0
97 0
98 0
99 0
100 0
101 0
102 0
103 0
104 0
105 0
106 0
107 0
108 0
109 0
110 0
111 0
112 0
113 0
114 0
115 0
116 0
117 0
118 0
119 0
120 0
121 0
122 0
123 0
124 0
125 0
126 0
127 0
128 0
129 0
130 0
131 0
132 0
133 0
134 0
135 0
136 0
137 0
138 0
139 0
140 0
141 0
142 0
143 0
144 0
145 0
146 0
147 0
148 0
149 0
150 0
151 0
152 0
153 0
154 0
155 0
156 0
157 0
158 0
159 0
160 0
161 0
162 0
163 0
164 0
165 0
166 0
167 0
168 0
169 0
170 0
171 0
172 0
173 0
174 0
175 0
176 0
177 0
178 0
179 0
180 0
181 0
182 0
183 0
184 0
185 0
186 0
187 0
188 0
189 0
190 0
191 0
192 0
193 0
194 0
195 0
196 0
197 0
198 0
199 0
200 0
201 0
202 0
203 0
204 0
205 0
206 0
207 0
208 0
209 0
210 0
211 0
212 0
213 0
214 0
215 0
216 0
217 0
218 0
219 0
220 0
221 0
222 0
223 0
224 0
225 0
226 0
227 0
228 0
229 0
230 0
231 0
232 0
233 0
234 0
235 0
236 0
237 0
238 0
239 0
240 0
241 0
242 0
243 0
244 0
245 0
246 0
247 0
248 0
249 0
250 0
251 0
252 0
253 0
254 0
255 0
256 0
257 0
258 0
259 0
260 0
261 0
262 0
263 0
264 0
265 0
266 0
267 0
268 0
269 0
270 0
271 0
272 0
273 0
274 0
275 0
276 0
277 0
278 0
279 0
280 0
281 0
282 0
283 0
284 0
285 0
286 0
287 0
288 0
289 0
290 0
291 0
292 0
293 0
294 0
295 0
296 0
297 0
298 0
299 0
300 0
301 0
302 0
303 0
304 0
305 0
306 0
307 0
308 0
309 0
310 0
311 0
312 0
313 0
314 0
315 0
316 0
317 0
318 0
319 0
320 0
321 0
322 0
323 0
324 0
325 0
326 0
327 0
328 0
329 0
330 0
331 0
332 0
333 0
334 0
335 0
336 0
337 0
338 0
339 0
340 0
341 0
342 0
343 0
344 0
345 0
346 0
347 0
348 0
349 0
350 0
351 0
352 0
353 0
354 0
355 0
356 0
357 0
358 0
359 0
360 0
361 0
362 0
363 0
364 0
365 0
366 0
367 0
368 0
369 0
370 0
371 0
372 0
373 0
374 0
375 0
376 0
377 0
378 0
379 0
380 0
381 0
382 0
383 0
384 0
385 0
386 0
387 0
388 0
389 0
390 0
391 0
392 0
393 0
394 0
395 0
396 0
397 0
398 0
399 0
400 0
401 0
402 0
403 0
404 0
405 0
406 0
407 0
408 0
409 0
410 0
411 0
412 0
413 0
414 0
415 0
416 0
417 0
418 0
419 0
420 0
421 0
422 0
423 0
424 0
425 0
426 0
427 0
428 0
429 0
430 0
431 0
432 0
433 0
434 0
435 0
436 0
437 0
438 0
439 0
440 0
441 0
442 0
443 0
444 0
445 0
446 0
447 0
448 0
449 0
450 0
451 0
452 0
453 0
454 0
455 0
456 0
457 0
458 0
459 0
460 0
461 0
462 0
463 0
464 0
465 0
466 0
467 0
468 0
469 0
470 0
471 0
472 0
473 0
474 0
475 0
476 0
477 0
478 0
479 0
480 0
481 0
482 0
483 0
484 0
485 0
486 0
487 0
488 0
489 0
490 0
491 0
492 0
493 0
494 0
495 0
496 0
497 0
498 0
499 0
500 0.0232443
501 0.0232443
502 0.0232655
503 0.0233502
504 0.0234138
505 0.0234986
506 0.0235409
507 0.0236045
508 0.0236681
509 0.0237528
510 0.0237952
511 0.0239011
512 0.0239011
513 0.0239435
514 0.0239435
515 0.0239859
516 0.0240495
517 0.0241342
518 0.024219
519 0.0242402
520 0.0243885
521 0.0244097
522 0.0244309
523 0.0245368
524 0.0246216
525 0.0247063
526 0.0247487
527 0.0247699
528 0.0248335
529 0.0248335
530 0.024897
531 0.0249394
532 0.0249606
533 0.0249818
534 0.0250453
535 0.0251089
536 0.0251725
537 0.0252149
538 0.025236
539 0.0252996
540 0.0253208
541 0.0253208
542 0.0254267
543 0.0255115
544 0.0255327
545 0.0255539
546 0.0256598
547 0.025681
548 0.025681
549 0.0257022
550 0.0257446
551 0.0258293
552 0.0258717
553 0.0259141
554 0.0259565
555 0.0259777
556 0.0260412
557 0.0260836
558 0.0261684
559 0.0261895
560 0.0262319
561 0.0262531
562 0.0263167
563 0.0264226
564 0.0264438
565 0.0264438
566 0.0265074
567 0.0265498
568 0.0266133
569 0.0266345
570 0.0266345
571 0.0266981
572 0.0267193
573 0.0267193
574 0.0267828
575 0.0268888
576 0.0269524
577 0.0269735
578 0.0269735
579 0.0269735
580 0.0269735
581 0.0269947
582 0.0271007
583 0.0271007
584 0.027143
585 0.0271642
586 0.027249
587 0.0272914
588 0.0273338
589 0.0273549
590 0.0273549
591 0.0273973
592 0.0274397
593 0.0274821
594 0.0275033
595 0.0275668
596 0.027588
597 0.0276092
598 0.0276304
599 0.0276728
600 0.0277575
601 0.0277999
602 0.0278847
603 0.027927
604 0.027927
605 0.0279694
606 0.0279694
607 0.028033
608 0.028033
609 0.0280966
610 0.0280966
611 0.0280966
612 0.0281601
613 0.0281601
614 0.0281813
615 0.0281813
616 0.0281813
617 0.0281813
618 0.0281813
619 0.0282025
620 0.0282873
621 0.0282873
622 0.0283084
623 0.028372
624 0.0283932
625 0.0284356
626 0.0285415
627 0.0285627
628 0.0285839
629 0.0286898
630 0.0287534
631 0.0288382
632 0.0289017
633 0.0289865
634 0.0290712
635 0.029156
636 0.0292619
637 0.0295586
638 0.0297281
639 0.0300036
640 0.0301943
641 0.0308511
642 0.0312749
643 0.0317622
644 0.0321225
645 0.0327157
646 0.0335209
647 0.0343049
648 0.0351949
649 0.0359153
650 0.0370383
651 0.0382884
652 0.0393903
653 0.0409582
654 0.0422508
655 0.0438188
656 0.0455351
657 0.0477175
658 0.0501754
659 0.0518918
660 0.0543073
661 0.0564262
662 0.059096
663 0.0626769
664 0.0667452
665 0.0708771
666 0.0758141
667 0.0814503
668 0.0866628
669 0.0925534
670 0.0989524
671 0.105563
672 0.113658
673 0.122557
674 0.131732
675 0.140801
676 0.150209
677 0.160655
678 0.171546
679 0.182056
680 0.191315
681 0.202206
682 0.213055
683 0.223332
684 0.233396
685 0.242995
686 0.252233
687 0.261959
688 0.271261
689 0.279779
690 0.288403
691 0.296942
692 0.304697
693 0.313533
694 0.321627
695 0.329276
696 0.337688
697 0.34521
698 0.352838
699 0.360911
700 0.368391
701 0.375956
702 0.384113
703 0.392313
704 0.400514
705 0.408163
706 0.416172
707 0.423716
708 0.430962
709 0.438802
710 0.446811
711 0.454842
712 0.462004
713 0.46978
714 0.477896
715 0.486265
716 0.494571
717 0.502242
718 0.510442
719 0.518367
720 0.52627
721 0.534746
722 0.542458
723 0.550828
724 0.558795
725 0.566762
726 0.57456
727 0.582612
728 0.591193
729 0.599881
730 0.608102
731 0.615878
732 0.624566
733 0.633253
734 0.640606
735 0.64906
736 0.656815
737 0.66546
738 0.673682
739 0.681818
740 0.690781
741 0.699469
742 0.707436
743 0.715805
744 0.724027
745 0.732778
746 0.741401
747 0.75028
748 0.758861
749 0.766892
750 0.775283
751 0.7845
752 0.792382
753 0.801748
754 0.810456
755 0.819207
756 0.827768
757 0.836286
758 0.845037
759 0.853724
760 0.86239
761 0.870781
762 0.87896
763 0.888347
764 0.897225
765 0.905891
766 0.914092
767 0.922737
768 0.931043
769 0.939624
770 0.947846
771 0.956893
772 0.965983
773 0.974925
774 0.982765
775 0.990838
776 0.999123
777 1.00866
778 1.01764
779 1.02555
780 1.03415
781 1.04262
782 1.0515
783 1.05972
784 1.06888
785 1.07771
786 1.0854
787 1.09403
788 1.1032
789 1.11225
790 1.12153
791 1.13003
792 1.13865
793 1.14721
794 1.15526
795 1.16414
796 1.173
797 1.182
798 1.19101
799 1.19976
800 1.20737
801 1.21557
802 1.22373
803 1.23163
804 1.2397
805 1.24841
806 1.25674
807 1.26526
808 1.27409
809 1.28272
810 1.29168
811 1.29992
812 1.30891
813 1.31668
814 1.32556
815 1.33348
816 1.34141
817 1.34982
818 1.35823
819 1.36626
820 1.37465
821 1.38275
822 1.3912
823 1.39898
824 1.40716
825 1.41536
826 1.42292
827 1.43172
828 1.43958
829 1.4471
830 1.45513
831 1.46259
832 1.47024
833 1.47797
834 1.48583
835 1.49304
836 1.50026
837 1.50755
838 1.51531
839 1.52293
840 1.53099
841 1.53802
842 1.54518
843 1.55254
844 1.55982
845 1.56709
846 1.57485
847 1.58182
848 1.58879
849 1.5958
850 1.60377
851 1.61081
852 1.61742
853 1.62401
854 1.63085
855 1.63782
856 1.64479
857 1.65149
858 1.65785
859 1.66418
860 1.67026
861 1.6766
862 1.6835
863 1.69026
864 1.69709
865 1.7037
866 1.71029
867 1.71675
868 1.72298
869 1.72974
870 1.73559
871 1.74256
872 1.74853
873 1.75466
874 1.76116
875 1.76657
876 1.77309
877 1.77858
878 1.78436
879 1.79087
880 1.79697
881 1.80244
882 1.80863
883 1.81477
884 1.82036
885 1.82587
886 1.83109
887 1.83729
888 1.8434
889 1.84963
890 1.85547
891 1.86151
892 1.86736
893 1.87276
894 1.87827
895 1.88438
896 1.88989
897 1.89491
898 1.90001
899 1.90557
900 1.91084
901 1.91641
902 1.92209
903 1.92733
904 1.93237
905 1.93807
906 1.94322
907 1.949
908 1.95502
909 1.96023
910 1.96608
911 1.9707
912 1.97632
913 1.98129
914 1.98649
915 1.99149
916 1.99672
917 2.002
918 2.007
919 2.01229
920 2.01795
921 2.02323
922 2.02857
923 2.03329
924 2.0388
925 2.04395
926 2.04865
927 2.05378
928 2.05842
929 2.06317
930 2.06781
931 2.07304
932 2.07836
933 2.08328
934 2.0883
935 2.09309
936 2.09832
937 2.10377
938 2.10911
939 2.113
940 2.11805
941 2.12254
942 2.1275
943 2.13273
944 2.13725
945 2.14146
946 2.14629
947 2.15051
948 2.15532
949 2.16047
950 2.16517
951 2.17028
952 2.17481
953 2.18011
954 2.18454
955 2.18929
956 2.19418
957 2.19878
958 2.20319
959 2.20838
960 2.2131
961 2.2177
962 2.222
963 2.22654
964 2.23077
965 2.23535
966 2.23995
967 2.24484
968 2.24925
969 2.254
970 2.25855
971 2.26323
972 2.26754
973 2.27222
974 2.27673
975 2.28127
976 2.28565
977 2.29038
978 2.29506
979 2.29923
980 2.30402
981 2.30792
982 2.31218
983 2.31657
984 2.32083
985 2.32509
986 2.32987
987 2.33443
988 2.33869
989 2.34312
990 2.34723
991 2.35159
992 2.35572
993 2.36
994 2.36431
995 2.36831
996 2.37312
997 2.37729
998 2.38092
999 2.38535
1000 2.39033
1001 2.39516
1002 2.3995
1003 2.40395
1004 2.40846
1005 2.41293
1006 2.41734
1007 2.42177
1008 2.42635
1009 2.43035
1010 2.43476
1011 2.43919
1012 2.44336
1013 2.44817
1014 2.45209
1015 2.45667
1016 2.46152
1017 2.46593
1018 2.46998
1019 2.47426
1020 2.47824
1021 2.48271
1022 2.48737
1023 2.49152
1024 2.49534
1025 2.49975
1026 2.50415
1027 2.50854
1028 2.51295
1029 2.51748
1030 2.52187
1031 2.52589
1032 2.53064
1033 2.5353
1034 2.53998
1035 2.54458
1036 2.54893
1037 2.55299
1038 2.55791
1039 2.56208
1040 2.56632
1041 2.57094
1042 2.57495
1043 2.57923
1044 2.58346
1045 2.58721
1046 2.59147
1047 2.59622
1048 2.60022
1049 2.60427
1050 2.6087
1051 2.613
1052 2.61779
1053 2.62194
1054 2.62641
1055 2.63076
1056 2.63535
1057 2.64006
1058 2.64387
1059 2.6479
1060 2.65207
1061 2.65601
1062 2.66
1063 2.66424
1064 2.66845
1065 2.67273
1066 2.67695
1067 2.68117
1068 2.68545
1069 2.68939
1070 2.69331
1071 2.69763
1072 2.70168
1073 2.70636
1074 2.71102
1075 2.71526
1076 2.71986
1077 2.72458
1078 2.72903
1079 2.73312
1080 2.73691
1081 2.74134
1082 2.74509
1083 2.74933
1084 2.75344
1085 2.75766
1086 2.7616
1087 2.76556
1088 2.76986
1089 2.77357
1090 2.77783
1091 2.78192
1092 2.78605
1093 2.78982
1094 2.79398
1095 2.79811
1096 2.80211
1097 2.80584
1098 2.81002
1099 2.81374
1100 2.81775
1101 2.82178
1102 2.82684
1103 2.8311
1104 2.83487
1105 2.83911
1106 2.84292
1107 2.84652
1108 2.85049
1109 2.85468
1110 2.85843
1111 2.86231
1112 2.86604
1113 2.86951
1114 2.87365
1115 2.87735
1116 2.88115
1117 2.88524
1118 2.88966
1119 2.89329
1120 2.89774
1121 2.90136
1122 2.90532
1123 2.90884
1124 2.91259
1125 2.91655
1126 2.9202
1127 2.92439
1128 2.92878
1129 2.93232
1130 2.93588
1131 2.93982
1132 2.94365
1133 2.94702
1134 2.95037
1135 2.95493
1136 2.95921
1137 2.96344
1138 2.96711
1139 2.97141
1140 2.97499
1141 2.97917
1142 2.98273
1143 2.98601
1144 2.98961
1145 2.99387
1146 2.99752
1147 3.00146
1148 3.00553
1149 3.00936
1150 3.01265
1151 3.01654
1152 3.02044
1153 3.0247
1154 3.029
1155 3.03278
1156 3.03712
1157 3.04127
1158 3.045
1159 3.04873
1160 3.05252
1161 3.05687
1162 3.06019
1163 3.06401
1164 3.06746
1165 3.07161
1166 3.07515
1167 3.07939
1168 3.08314
1169 3.08768
1170 3.09124
1171 3.09537
1172 3.09893
1173 3.10234
1174 3.10628
1175 3.11005
1176 3.11416
1177 3.118
1178 3.12168
1179 3.12535
1180 3.12946
1181 3.13342
1182 3.13787
1183 3.14194
1184 3.14607
1185 3.14987
1186 3.15355
1187 3.15794
1188 3.16165
1189 3.16571
1190 3.16995
1191 3.17368
1192 3.17769
1193 3.18188
1194 3.18631
1195 3.19044
1196 3.19489
1197 3.19913
1198 3.20313
1199 3.20733
1200 3.2114
1201 3.21549
1202 3.21977
1203 3.22335
1204 3.2278
1205 3.23187
1206 3.23591
1207 3.24047
1208 3.24443
1209 3.24846
1210 3.25301
1211 3.25659
1212 3.26104
1213 3.26532
1214 3.26954
1215 3.27365
1216 3.27821
1217 3.2824
1218 3.28679
1219 3.29128
1220 3.29524
1221 3.29965
1222 3.30401
1223 3.30781
1224 3.31185
1225 3.31628
1226 3.32088
1227 3.32525
1228 3.32906
1229 3.33277
1230 3.33654
1231 3.34082
1232 3.34478
1233 3.34853
1234 3.3525
1235 3.35646
1236 3.36053
1237 3.36451
1238 3.36883
1239 3.37318
1240 3.37714
1241 3.38138
1242 3.3857
1243 3.38991
1244 3.39426
1245 3.39867
1246 3.4029
1247 3.40704
1248 3.41151
1249 3.41543
1250 3.41941
1251 3.42354
1252 3.42767
1253 3.43221
1254 3.43645
1255 3.44113
1256 3.44522
1257 3.44927
1258 3.45359
1259 3.45755
1260 3.46162
1261 3.46613
1262 3.47035
1263 3.47503
1264 3.47893
1265 3.48327
1266 3.48766
1267 3.49154
1268 3.49558
1269 3.50033
1270 3.50476
1271 3.50857
1272 3.51279
1273 3.51711
1274 3.52154
1275 3.52588
1276 3.5298
1277 3.53396
1278 3.53811
1279 3.54248
1280 3.54678
1281 3.55123
1282 3.55559
1283 3.56034
1284 3.56428
1285 3.56858
1286 3.5729
1287 3.57708
1288 3.58136
1289 3.58587
1290 3.59021
1291 3.59464
1292 3.59905
1293 3.60299
1294 3.60799
1295 3.61229
1296 3.6167
1297 3.62121
1298 3.62522
1299 3.62948
1300 3.63365
1301 3.63774
1302 3.64236
1303 3.64664
1304 3.6509
1305 3.65514
1306 3.65893
1307 3.66329
1308 3.66783
1309 3.67217
1310 3.67652
1311 3.6809
1312 3.68523
1313 3.69008
1314 3.69406
1315 3.69855
1316 3.70336
1317 3.7079
1318 3.71239
1319 3.71625
1320 3.72053
1321 3.72468
1322 3.72875
1323 3.7332
1324 3.73699
1325 3.74199
1326 3.74646
1327 3.75102
1328 3.75568
1329 3.75954
1330 3.76352
1331 3.76788
1332 3.77269
1333 3.77697
1334 3.78144
1335 3.78528
1336 3.78979
1337 3.79414
1338 3.79888
1339 3.80329
1340 3.80766
1341 3.81181
1342 3.81564
1343 3.81997
1344 3.82363
1345 3.82829
1346 3.83236
1347 3.83664
1348 3.84113
1349 3.84544
1350 3.84972
1351 3.85378
1352 3.85794
1353 3.86224
1354 3.8665
1355 3.87103
1356 3.87506
1357 3.8801
1358 3.88432
1359 3.88828
1360 3.89216
1361 3.89622
1362 3.90014
1363 3.90459
1364 3.90887
1365 3.91341
1366 3.91799
1367 3.92222
1368 3.92595
1369 3.93023
1370 3.93415
1371 3.93877
1372 3.94305
1373 3.94731
1374 3.95108
1375 3.95587
1376 3.95977
1377 3.96437
1378 3.96865
1379 3.97331
1380 3.97723
1381 3.98147
1382 3.98613
1383 3.99033
1384 3.99439
1385 3.99817
1386 4.00255
1387 4.007
1388 4.01134
1389 4.01577
1390 4.02003
1391 4.02395
1392 4.02787
1393 4.03207
1394 4.03603
1395 4.04029
1396 4.04461
1397 4.04904
1398 4.05275
1399 4.05713
1400 4.06116
1401 4.06504
1402 4.06864
1403 4.07292
1404 4.0772
1405 4.08097
1406 4.08508
1407 4.08964
1408 4.09371
1409 4.09771
1410 4.10199
1411 4.10616
1412 4.10996
1413 4.11437
1414 4.11843
1415 4.12197
1416 4.12591
1417 4.12981
1418 4.13416
1419 4.13825
1420 4.14238
1421 4.14651
1422 4.15022
1423 4.15473
1424 4.15882
1425 4.16318
1426 4.16774
1427 4.17155
1428 4.17554
1429 4.17982
1430 4.18393
1431 4.18812
1432 4.19274
1433 4.19711
1434 4.20132
1435 4.20567
1436 4.20936
1437 4.21285
1438 4.2172
1439 4.22169
1440 4.22573
1441 4.22991
1442 4.23461
1443 4.2394
1444 4.24372
1445 4.24794
1446 4.25275
1447 4.25678
1448 4.26046
1449 4.26472
1450 4.26854
1451 4.27269
1452 4.27727
1453 4.28142
1454 4.28574
1455 4.28981
1456 4.2943
1457 4.29869
1458 4.30301
1459 4.30735
1460 4.3118
1461 4.31589
1462 4.31979
1463 4.32395
1464 4.3282
1465 4.33217
1466 4.33632
1467 4.34049
1468 4.34463
1469 4.34888
1470 4.35266
1471 4.35605
1472 4.36031
1473 4.36372
1474 4.36785
1475 4.37179
1476 4.37611
1477 4.38031
1478 4.38433
1479 4.38855
1480 4.39287
1481 4.39705
1482 4.40105
1483 4.40561
1484 4.40989
1485 4.41385
1486 4.41785
1487 4.4222
1488 4.42625
1489 4.43059
1490 4.43493
1491 4.43879
1492 4.44303
1493 4.44716
1494 4.45078
1495 4.45447
1496 4.45888
1497 4.46299
1498 4.46716
1499 4.47098
1500 4.47532
1501 4.47937
1502 4.48337
1503 4.48801
1504 4.49223
1505 4.49602
1506 4.50083
1507 4.50509
1508 4.50958
1509 4.51363
1510 4.51738
1511 4.52181
1512 4.52651
1513 4.5305
1514 4.53403
1515 4.53812
1516 4.5423
1517 4.54645
1518 4.55092
1519 4.55493
1520 4.5588
1521 4.56266
1522 4.5676
1523 4.57181
1524 4.57556
1525 4.57976
1526 4.58389
1527 4.58809
1528 4.59196
1529 4.59633
1530 4.59993
1531 4.6043
1532 4.60824
1533 4.61256
1534 4.61703
1535 4.62182
1536 4.62561
1537 4.62953
1538 4.63373
1539 4.63805
1540 4.64242
1541 4.64614
1542 4.64987
1543 4.65373
1544 4.65786
1545 4.66157
1546 4.66528
1547 4.66899
1548 4.67257
1549 4.67653
1550 4.68056
1551 4.6842
1552 4.68812
1553 4.69204
1554 4.69634
1555 4.70075
1556 4.70526
1557 4.70903
1558 4.71353
1559 4.71772
1560 4.72234
1561 4.72664
1562 4.73016
1563 4.73418
1564 4.73832
1565 4.74211
1566 4.74577
1567 4.75022
1568 4.75525
1569 4.759
1570 4.76292
1571 4.76669
1572 4.77105
1573 4.77495
1574 4.77919
1575 4.78281
1576 4.78731
1577 4.79129
1578 4.79557
1579 4.799
1580 4.8032
1581 4.80773
1582 4.8114
1583 4.81551
1584 4.81947
1585 4.82405
1586 4.82805
1587 4.83248
1588 4.83638
1589 4.84045
1590 4.84502
1591 4.8485
1592 4.85219
1593 4.85615
1594 4.85971
1595 4.86318
1596 4.86691
1597 4.87119
1598 4.87541
1599 4.87956
1600 4.88312
1601 4.88696
1602 4.89071
1603 4.89478
1604 4.89863
1605 4.90217
1606 4.90603
1607 4.9101
1608 4.91391
1609 4.91838
1610 4.92287
1611 4.92666
1612 4.93052
1613 4.93395
1614 4.93792
1615 4.94228
1616 4.94658
1617 4.9505
1618 4.95421
1619 4.95866
1620 4.96243
1621 4.96646
1622 4.97044
1623 4.9744
1624 4.97879
1625 4.98322
1626 4.98746
1627 4.9908
1628 4.99466
1629 4.99856
1630 5.00197
1631 5.00559
1632 5.00943
1633 5.0143
1634 5.01871
1635 5.02269
1636 5.02661
1637 5.03039
1638 5.03469
1639 5.03909
1640 5.04352
1641 5.04765
1642 5.05117
1643 5.05505
1644 5.05941
1645 5.06308
1646 5.06717
1647 5.071
1648 5.07507
1649 5.07874
1650 5.0827
1651 5.08683
1652 5.09109
1653 5.09501
1654 5.09891
1655 5.10253
1656 5.10703
1657 5.11111
1658 5.11576
1659 5.11955
1660 5.12353
1661 5.12713
1662 5.13112
1663 5.13478
1664 5.13891
1665 5.14296
1666 5.14625
1667 5.15008
1668 5.15383
1669 5.15815
1670 5.16229
1671 5.16667
1672 5.17063
1673 5.17439
1674 5.17835
1675 5.18248
1676 5.18636
1677 5.19038
1678 5.19415
1679 5.19841
1680 5.20208
1681 5.20606
1682 5.21028
1683 5.21462
1684 5.21842
1685 5.22212
1686 5.22577
1687 5.22954
1688 5.23335
1689 5.23706
1690 5.24107
1691 5.2449
1692 5.24884
1693 5.25306
1694 5.2563
1695 5.26005
1696 5.26346
1697 5.2677
1698 5.27164
1699 5.27588
1700 5.27976
1701 5.28353
1702 5.28749
1703 5.29082
1704 5.29451
1705 5.29838
1706 5.30241
1707 5.3065
1708 5.31014
1709 5.31381
1710 5.31775
1711 5.32127
1712 5.32559
1713 5.32923
1714 5.3329
1715 5.33729
1716 5.34144
1717 5.34553
1718 5.34962
1719 5.35364
1720 5.35765
1721 5.36104
1722 5.36489
1723 5.36858
1724 5.3728
1725 5.37644
1726 5.38045
1727 5.38424
1728 5.38848
1729 5.39263
1730 5.39617
1731 5.40028
1732 5.40465
1733 5.40842
1734 5.41219
1735 5.41626
1736 5.42016
1737 5.42405
1738 5.4281
1739 5.43211
1740 5.43617
1741 5.43959
1742 5.44321
1743 5.44715
1744 5.45135
1745 5.45535
1746 5.45936
1747 5.46319
1748 5.46722
1749 5.47124
1750 5.4748
1751 5.47859
1752 5.48215
1753 5.4858
1754 5.48976
1755 5.49355
1756 5.49764
1757 5.50086
1758 5.50529
1759 5.5093
1760 5.51334
1761 5.51657
1762 5.52
1763 5.52398
1764 5.52786
1765 5.5314
1766 5.53511
1767 5.53903
1768 5.54265
1769 5.54693
1770 5.55106
1771 5.55498
1772 5.55877
1773 5.56284
1774 5.56666
1775 5.57036
1776 5.57397
1777 5.57757
1778 5.58153
1779 5.58505
1780 5.58901
1781 5.59295
1782 5.59719
1783 5.60079
1784 5.60473
1785 5.60834
1786 5.61213
1787 5.6162
1788 5.62024
1789 5.6238
1790 5.62734
1791 5.63101
1792 5.63544
1793 5.63916
1794 5.64342
1795 5.64698
1796 5.65052
1797 5.65478
1798 5.65881
1799 5.66262
1800 5.66631
1801 5.6704
1802 5.67402
1803 5.67815
1804 5.68201
1805 5.68582
1806 5.68951
1807 5.69328
1808 5.69688
1809 5.70044
1810 5.70388
1811 5.70769
1812 5.71116
1813 5.71464
1814 5.71814
1815 5.72176
1816 5.72602
1817 5.72981
1818 5.73384
1819 5.73767
1820 5.74115
1821 5.74539
1822 5.74969
1823 5.75367
1824 5.7574
1825 5.7614
1826 5.76526
1827 5.76907
1828 5.7724
1829 5.77571
1830 5.77958
1831 5.78433
1832 5.7884
1833 5.79221
1834 5.79556
1835 5.79997
1836 5.80427
1837 5.80819
1838 5.81175
1839 5.81533
1840 5.81891
1841 5.82319
1842 5.82724
1843 5.83103
1844 5.83487
1845 5.83906
1846 5.84249
1847 5.8469
1848 5.85052
1849 5.85449
1850 5.85826
1851 5.8619
1852 5.86551
1853 5.86983
1854 5.87417
1855 5.8783
1856 5.88201
1857 5.88595
1858 5.89011
1859 5.89396
1860 5.8978
1861 5.90138
1862 5.90496
1863 5.90854
1864 5.91257
1865 5.9163
1866 5.92028
1867 5.92418
1868 5.92814
1869 5.93221
1870 5.93617
1871 5.94028
1872 5.94462
1873 5.94859
1874 5.95249
1875 5.95664
1876 5.96128
1877 5.96507
1878 5.96933
1879 5.97346
1880 5.97728
1881 5.98115
1882 5.98507
1883 5.98908
1884 5.99304
1885 5.9969
1886 6.0008
1887 6.00444
1888 6.00823
1889 6.01268
1890 6.01635
1891 6.01999
1892 6.02438
1893 6.02834
1894 6.03216
1895 6.03639
1896 6.04059
1897 6.04445
1898 6.04818
1899 6.05212
1900 6.05604
1901 6.05996
1902 6.06436
1903 6.06873
1904 6.07271
1905 6.07689
1906 6.0807
1907 6.08494
1908 6.08862
1909 6.09227
1910 6.09625
1911 6.09988
1912 6.1042
1913 6.10863
1914 6.11206
1915 6.11628
1916 6.12041
1917 6.12482
1918 6.12876
1919 6.13319
1920 6.13747
1921 6.14194
1922 6.146
1923 6.14965
1924 6.15372
1925 6.15781
1926 6.16217
1927 6.16596
1928 6.17001
1929 6.17404
1930 6.17794
1931 6.18211
1932 6.18631
1933 6.19046
1934 6.19476
1935 6.19845
1936 6.20271
1937 6.20644
1938 6.21033
1939 6.21387
1940 6.21773
1941 6.22152
1942 6.22538
1943 6.22928
1944 6.23339
1945 6.23786
1946 6.24142
1947 6.24551
1948 6.2493
1949 6.25341
1950 6.25742
1951 6.26119
1952 6.26509
1953 6.26911
1954 6.27276
1955 6.2767
1956 6.28047
1957 6.28462
1958 6.2885
1959 6.29253
1960 6.29649
1961 6.30075
1962 6.30518
1963 6.30948
1964 6.31329
1965 6.31719
1966 6.32117
1967 6.32511
1968 6.32908
1969 6.33308
1970 6.33709
1971 6.34122
1972 6.34556
1973 6.34955
1974 6.35311
1975 6.35679
1976 6.36114
1977 6.36482
1978 6.36895
1979 6.37249
1980 6.37639
1981 6.38055
1982 6.38506
1983 6.38896
1984 6.39283
1985 6.39648
1986 6.40038
1987 6.40462
1988 6.409
1989 6.41286
1990 6.41699
1991 6.42108
1992 6.42483
1993 6.42867
1994 6.43214
1995 6.43634
1996 6.44004
1997 6.44401
1998 6.44752
1999 6.45136
2000 6.45502
2001 6.45916
2002 6.46269
2003 6.46649
2004 6.47068
2005 6.4745
2006 6.47812
2007 6.48238
2008 6.48609
2009 6.4899
2010 6.49357
2011 6.49738
2012 6.50113
2013 6.50528
2014 6.50946
2015 6.51308
2016 6.51666
2017 6.52086
2018 6.52442
2019 6.52853
2020 6.53264
2021 6.53681
2022 6.54114
2023 6.54476
2024 6.54923
2025 6.55332
2026 6.55773
2027 6.56171
2028 6.56523
2029 6.56921
2030 6.57292
2031 6.57676
2032 6.58093
2033 6.58464
2034 6.58801
2035 6.59114
2036 6.59566
2037 6.6
2038 6.60337
2039 6.60699
2040 6.61102
2041 6.61553
2042 6.62
2043 6.62398
2044 6.62784
2045 6.63159
2046 6.63613
2047 6.64
2048 6.64422
2049 6.64782
2050 6.65181
2051 6.65579
2052 6.65999
2053 6.66412
2054 6.66827
2055 6.67219
2056 6.67641
2057 6.68054
2058 6.68492
2059 6.68893
2060 6.69243
2061 6.69632
2062 6.69967
2063 6.70313
2064 6.70688
2065 6.71088
2066 6.71516
2067 6.71946
2068 6.7227
2069 6.72713
2070 6.73073
2071 6.73463
2072 6.73866
2073 6.74245
2074 6.74678
2075 6.75055
2076 6.75417
2077 6.75813
2078 6.76182
2079 6.76576
2080 6.76955
2081 6.77352
2082 6.77767
2083 6.78123
2084 6.78542
2085 6.78894
2086 6.79252
2087 6.79672
2088 6.80091
2089 6.80492
2090 6.8089
2091 6.81263
2092 6.81672
2093 6.82085
2094 6.82414
2095 6.82818
2096 6.83238
2097 6.83594
2098 6.83967
2099 6.84344
2100 6.84719
2101 6.85109
2102 6.85488
2103 6.85884
2104 6.86238
2105 6.86649
2106 6.8702
2107 6.87397
2108 6.87804
2109 6.88226
2110 6.88628
2111 6.89078
2112 6.8951
2113 6.89917
2114 6.9034
2115 6.90688
2116 6.91074
2117 6.91429
2118 6.91749
2119 6.92186
2120 6.92608
2121 6.92985
2122 6.93377
2123 6.93718
2124 6.94101
2125 6.94457
2126 6.94805
2127 6.95235
2128 6.9565
2129 6.96038
2130 6.96481
2131 6.96871
2132 6.97278
2133 6.97657
2134 6.98032
2135 6.98439
2136 6.98835
2137 6.99238
2138 6.99642
2139 7.00056
2140 7.00484
2141 7.00899
2142 7.01325
2143 7.01723
2144 7.02138
2145 7.02524
2146 7.02924
2147 7.03306
2148 7.03683
2149 7.04067
2150 7.04439
2151 7.04868
2152 7.05349
2153 7.0574
2154 7.0613
2155 7.06569
2156 7.06995
2157 7.07425
2158 7.07859
2159 7.08237
2160 7.08626
2161 7.09048
2162 7.09466
2163 7.09822
2164 7.10211
2165 7.10639
2166 7.11014
2167 7.11383
2168 7.11784
2169 7.12178
2170 7.12604
2171 7.13
2172 7.13375
2173 7.1378
2174 7.14184
2175 7.1457
2176 7.14983
2177 7.15352
2178 7.15754
2179 7.16161
2180 7.16589
2181 7.16937
2182 7.17324
2183 7.17733
2184 7.18115
2185 7.18539
2186 7.18954
2187 7.19365
2188 7.19749
2189 7.20153
2190 7.20511
2191 7.20891
2192 7.21304
2193 7.21666
2194 7.2202
2195 7.22401
2196 7.22821
2197 7.23223
2198 7.23603
2199 7.24001
2200 7.24397
2201 7.2477
2202 7.25169
2203 7.25567
2204 7.26006
2205 7.26366
2206 7.26722
2207 7.27052
2208 7.27451
2209 7.27838
2210 7.28222
2211 7.28586
2212 7.28978
2213 7.2939
2214 7.29824
2215 7.30207
2216 7.30627
2217 7.3101
2218 7.31392
2219 7.31797
2220 7.32206
2221 7.32644
2222 7.32992
2223 7.33369
2224 7.33757
2225 7.34165
2226 7.34549
2227 7.34996
2228 7.35384
2229 7.35755
2230 7.36128
2231 7.36532
2232 7.36933
2233 7.37335
2234 7.37729
2235 7.38094
2236 7.38494
2237 7.38886
2238 7.39253
2239 7.39645
2240 7.40026
2241 7.40404
2242 7.40755
2243 7.41171
2244 7.41507
2245 7.4191
2246 7.42296
2247 7.42677
2248 7.43044
2249 7.43467
2250 7.43813
2251 7.44215
2252 7.44595
2253 7.4497
2254 7.45396
2255 7.45777
2256 7.46154
2257 7.46557
2258 7.46938
2259 7.47328
2260 7.47722
2261 7.48104
2262 7.48447
2263 7.48896
2264 7.49333
2265 7.49725
2266 7.50119
2267 7.50511
2268 7.50856
2269 7.51206
2270 7.51615
2271 7.51996
2272 7.52369
2273 7.52738
2274 7.53123
2275 7.53498
2276 7.5388
2277 7.54282
2278 7.54651
2279 7.55064
2280 7.55448
2281 7.55821
2282 7.56185
2283 7.56564
2284 7.56905
2285 7.57319
2286 7.57687
2287 7.58096
2288 7.58454
2289 7.58859
2290 7.59217
2291 7.5959
2292 7.59988
2293 7.60347
2294 7.60751
2295 7.61167
2296 7.61531
2297 7.61921
2298 7.6229
2299 7.62703
2300 7.63095
2301 7.63523
2302 7.6393
2303 7.64292
2304 7.64707
2305 7.65067
2306 7.65445
2307 7.65811
2308 7.66161
2309 7.66519
2310 7.66898
2311 7.67311
2312 7.67691
2313 7.68093
2314 7.68453
2315 7.68803
2316 7.69231
2317 7.69642
2318 7.70053
2319 7.70407
2320 7.70818
2321 7.71174
2322 7.71566
2323 7.71984
2324 7.72335
2325 7.72731
2326 7.73124
2327 7.73545
2328 7.7396
2329 7.74357
2330 7.74738
2331 7.75134
2332 7.75503
2333 7.75834
2334 7.76234
2335 7.7659
2336 7.76965
2337 7.77374
2338 7.7773
2339 7.78139
2340 7.78493
2341 7.78914
2342 7.79296
2343 7.79652
2344 7.79993
2345 7.80324
2346 7.80737
2347 7.81169
2348 7.81555
2349 7.81955
2350 7.82328
2351 7.82688
2352 7.83084
2353 7.83453
2354 7.83832
2355 7.84188
2356 7.84566
2357 7.84981
2358 7.85354
2359 7.8575
2360 7.86174
2361 7.86555
2362 7.86954
2363 7.87346
2364 7.87712
2365 7.88081
2366 7.88441
2367 7.88829
2368 7.89236
2369 7.8964
2370 7.90022
2371 7.90405
2372 7.90768
2373 7.91145
2374 7.91564
2375 7.92039
2376 7.92382
2377 7.92768
2378 7.93217
2379 7.93596
2380 7.94041
2381 7.94416
2382 7.94798
2383 7.952
2384 7.95616
2385 7.96058
2386 7.96425
2387 7.96777
2388 7.97133
2389 7.97455
2390 7.97874
2391 7.98194
2392 7.98593
2393 7.99029
2394 7.99447
2395 7.99858
2396 8.0026
2397 8.00597
2398 8.00945
2399 8.01288
2400 8.01693
2401 8.02034
2402 8.02407
2403 8.02769
2404 8.03169
2405 8.03583
2406 8.04002
2407 8.04443
2408 8.0485
2409 8.05208
2410 8.05608
2411 8.06034
2412 8.06488
2413 8.0689
2414 8.07253
2415 8.07659
2416 8.08024
2417 8.08412
2418 8.08791
2419 8.09198
2420 8.09577
2421 8.09944
2422 8.10295
2423 8.10681
2424 8.1102
2425 8.11334
2426 8.11704
2427 8.12088
2428 8.12476
2429 8.12798
2430 8.13149
2431 8.1356
2432 8.13959
2433 8.14351
2434 8.14713
2435 8.15129
2436 8.15504
2437 8.159
2438 8.16311
2439 8.16726
2440 8.17141
2441 8.17559
2442 8.17898
2443 8.1829
2444 8.18735
2445 8.1915
2446 8.19534
2447 8.19917
2448 8.20362
2449 8.20682
2450 8.21066
2451 8.21468
2452 8.21875
2453 8.22282
2454 8.22672
2455 8.23079
2456 8.23439
2457 8.23822
2458 8.24244
2459 8.24619
2460 8.24939
2461 8.25316
2462 8.25729
2463 8.26102
2464 8.26501
2465 8.26943
2466 8.27346
2467 8.277
2468 8.28081
2469 8.28499
2470 8.28882
2471 8.29276
2472 8.29649
2473 8.30035
2474 8.30416
2475 8.30838
2476 8.31241
2477 8.31584
2478 8.32025
2479 8.32442
2480 8.32813
2481 8.33232
2482 8.33639
2483 8.34046
2484 8.34457
2485 8.34828
2486 8.35228
2487 8.35606
2488 8.36
2489 8.36383
2490 8.36786
2491 8.37152
2492 8.37483
2493 8.37843
2494 8.38197
2495 8.38572
2496 8.38953
2497 8.39309
2498 8.39699
2499 8.40114
2500 8.40509
2501 8.4089
2502 8.4125
2503 8.4161
2504 8.41986
2505 8.42363
2506 8.42727
2507 8.43142
2508 8.43522
2509 8.43933
2510 8.44308
2511 8.44702
2512 8.45037
2513 8.45473
2514 8.45893
2515 8.46306
2516 8.46683
2517 8.47022
2518 8.47414
2519 8.478
2520 8.48156
2521 8.48543
2522 8.48967
2523 8.49321
2524 8.49711
2525 8.50126
2526 8.50525
2527 8.50917
2528 8.51317
2529 8.51698
2530 8.52165
2531 8.52576
2532 8.53016
2533 8.53391
2534 8.53784
2535 8.54201
2536 8.54608
2537 8.54964
2538 8.5532
2539 8.55674
2540 8.56123
2541 8.56534
2542 8.56947
2543 8.57339
2544 8.57737
2545 8.58087
2546 8.58481
2547 8.58871
2548 8.59322
2549 8.59733
2550 8.60064
2551 8.6042
2552 8.60795
2553 8.61174
2554 8.61596
2555 8.62037
2556 8.62448
2557 8.62863
2558 8.63261
2559 8.63704
2560 8.6413
2561 8.64543
2562 8.64935
2563 8.65336
2564 8.65745
2565 8.66162
2566 8.66552
2567 8.66919
2568 8.6733
2569 8.67715
2570 8.68078
2571 8.6848
2572 8.68868
2573 8.69273
2574 8.6965
2575 8.69963
2576 8.703
2577 8.7068
2578 8.71069
2579 8.71425
2580 8.71794
2581 8.72108
2582 8.72487
2583 8.72877
2584 8.7326
2585 8.73602
2586 8.73968
2587 8.74328
2588 8.74691
2589 8.75045
2590 8.75407
2591 8.75744
2592 8.76151
2593 8.76475
2594 8.76837
2595 8.7725
2596 8.77651
2597 8.78043
2598 8.78416
2599 8.78878
2600 8.79295
2601 8.79638
2602 8.80035
2603 8.8041
2604 8.8081
2605 8.81164
2606 8.8152
2607 8.81931
2608 8.82289
2609 8.82696
2610 8.83071
2611 8.83446
2612 8.83808
2613 8.84185
2614 8.84582
2615 8.84955
2616 8.85347
2617 8.85715
2618 8.86122
2619 8.8651
2620 8.86919
2621 8.87319
2622 8.87696
2623 8.88059
2624 8.88438
2625 8.88771
2626 8.89222
2627 8.89599
2628 8.89987
2629 8.90362
2630 8.90752
2631 8.91133
2632 8.91519
2633 8.91883
2634 8.92212
2635 8.92608
2636 8.92962
2637 8.93356
2638 8.93703
2639 8.94127
2640 8.94547
2641 8.94947
2642 8.95305
2643 8.95746
2644 8.96096
2645 8.96498
2646 8.96854
2647 8.97219
2648 8.97594
2649 8.97935
2650 8.98365
2651 8.98776
2652 8.99132
2653 8.99562
2654 8.99933
2655 9.00289
2656 9.00651
2657 9.01009
2658 9.01393
2659 9.01823
2660 9.02219
2661 9.02603
2662 9.02986
2663 9.03361
2664 9.03711
2665 9.0415
2666 9.04535
2667 9.04895
2668 9.0523
2669 9.0561
2670 9.06004
2671 9.06349
2672 9.06735
2673 9.07152
2674 9.07538
2675 9.07945
2676 9.08275
2677 9.08612
2678 9.09002
2679 9.09371
2680 9.09754
2681 9.10146
2682 9.10547
2683 9.10932
2684 9.11248
2685 9.11617
2686 9.11977
2687 9.12401
2688 9.12738
2689 9.13149
2690 9.13555
2691 9.13869
2692 9.14244
2693 9.14625
2694 9.15013
2695 9.15456
2696 9.15844
2697 9.16234
2698 9.16634
2699 9.16977
2700 9.17365
2701 9.17785
2702 9.18183
2703 9.18528
2704 9.18899
2705 9.19253
2706 9.19588
2707 9.19931
2708 9.20315
2709 9.20643
2710 9.2105
2711 9.21406
2712 9.21826
2713 9.22154
2714 9.22501
2715 9.22898
2716 9.23239
2717 9.2361
2718 9.2397
2719 9.24322
2720 9.24673
2721 9.25042
2722 9.254
2723 9.25714
2724 9.26087
2725 9.26447
2726 9.26835
2727 9.27224
2728 9.27623
2729 9.2797
2730 9.28345
2731 9.28714
2732 9.29083
2733 9.29515
2734 9.29896
2735 9.30284
2736 9.30668
2737 9.3106
2738 9.31464
2739 9.31812
2740 9.32208
2741 9.32515
2742 9.32903
2743 9.3334
2744 9.337
2745 9.34092
2746 9.34473
2747 9.34829
2748 9.35191
2749 9.3555
2750 9.35933
2751 9.36249
2752 9.36632
2753 9.37031
2754 9.37478
2755 9.37874
2756 9.38258
2757 9.38586
2758 9.38967
2759 9.39391
2760 9.39747
2761 9.4016
2762 9.40563
2763 9.40925
2764 9.41321
2765 9.41718
2766 9.42091
2767 9.42425
2768 9.42754
2769 9.43076
2770 9.43472
2771 9.43862
2772 9.44176
2773 9.44515
2774 9.4489
2775 9.4529
2776 9.45646
2777 9.46066
2778 9.46428
2779 9.46792
2780 9.47163
2781 9.47596
2782 9.47962
2783 9.48312
2784 9.48702
2785 9.49068
2786 9.49435
2787 9.49791
2788 9.50138
2789 9.50498
2790 9.50867
2791 9.5128
2792 9.51651
2793 9.52009
2794 9.52414
2795 9.52802
2796 9.53128
2797 9.53473
2798 9.53821
2799 9.54162
2800 9.54503
2801 9.54901
2802 9.55279
2803 9.55613
2804 9.55999
2805 9.56349
2806 9.56736
2807 9.57071
2808 9.57414
2809 9.57779
2810 9.5812
2811 9.58465
2812 9.58843
2813 9.59194
2814 9.59584
2815 9.5993
2816 9.60275
2817 9.60641
2818 9.60959
2819 9.6126
2820 9.61627
2821 9.61985
2822 9.62356
2823 9.62705
2824 9.63049
2825 9.63407
2826 9.63697
2827 9.64013
2828 9.64405
2829 9.64716
2830 9.6503
2831 9.65371
2832 9.65676
2833 9.66013
2834 9.66305
2835 9.6664
2836 9.66935
2837 9.67284
2838 9.67619
2839 9.67954
2840 9.68257
2841 9.6856
2842 9.68907
2843 9.69244
2844 9.69522
2845 9.69827
2846 9.70164
2847 9.70477
2848 9.70787
2849 9.71103
2850 9.71414
2851 9.71728
2852 9.71997
2853 9.72302
2854 9.72584
2855 9.72893
2856 9.73211
2857 9.73499
2858 9.73813
2859 9.74092
2860 9.74387
2861 9.74679
2862 9.74982
2863 9.75272
2864 9.75571
2865 9.75836
2866 9.76145
2867 9.76372
2868 9.76635
2869 9.76898
2870 9.77135
2871 9.77379
2872 9.77618
2873 9.77847
2874 9.78108
2875 9.78408
2876 9.78726
2877 9.7901
2878 9.79288
2879 9.79506
2880 9.79741
2881 9.80008
2882 9.80265
2883 9.80504
2884 9.80763
2885 9.81017
2886 9.81282
2887 9.81527
2888 9.81786
2889 9.82017
2890 9.82216
2891 9.82485
2892 9.8272
2893 9.8297
2894 9.83201
2895 9.83426
2896 9.83648
2897 9.83879
2898 9.84083
2899 9.84337
2900 9.84574
2901 9.84799
2902 9.85015
2903 9.85261
2904 9.85479
2905 9.85689
2906 9.85884
2907 9.86064
2908 9.86284
2909 9.86456
2910 9.86653
2911 9.8684
2912 9.87022
2913 9.87206
2914 9.8738
2915 9.87566
2916 9.87763
2917 9.87918
2918 9.88105
2919 9.88285
2920 9.88509
2921 9.887
2922 9.88882
2923 9.89024
2924 9.89206
2925 9.89378
2926 9.89562
2927 9.89715
2928 9.89901
2929 9.90054
2930 9.90251
2931 9.90423
2932 9.90575
2933 9.90736
2934 9.90914
2935 9.91056
2936 9.91202
2937 9.91366
2938 9.91512
2939 9.91656
2940 9.91798
2941 9.91914
2942 9.92067
2943 9.92202
2944 9.92374
2945 9.92465
2946 9.92594
2947 9.92719
2948 9.92864
2949 9.93016
2950 9.93131
2951 9.93266
2952 9.93372
2953 9.93501
2954 9.93633
2955 9.93783
2956 9.93893
2957 9.94001
2958 9.94131
2959 9.94226
2960 9.94362
2961 9.94453
2962 9.94527
2963 9.94629
2964 9.9473
2965 9.94849
2966 9.94953
2967 9.95084
2968 9.95184
2969 9.95294
2970 9.95385
2971 9.95514
2972 9.95603
2973 9.95684
2974 9.95773
2975 9.9587
2976 9.9598
2977 9.96063
2978 9.96152
2979 9.96247
2980 9.96324
2981 9.96387
2982 9.9647
2983 9.96584
2984 9.96648
2985 9.96728
2986 9.96807
2987 9.96875
2988 9.96932
2989 9.97
2990 9.97065
2991 9.97142
2992 9.97212
2993 9.97284
2994 9.97351
2995 9.97419
2996 9.97468
2997 9.9754
2998 9.97599
2999 9.97667
3000 9.97731
3001 9.9779
3002 9.97851
3003 9.979
3004 9.97938
3005 9.97998
3006 9.98042
3007 9.98091
3008 9.98146
3009 9.98203
3010 9.98248
3011 9.98311
3012 9.98343
3013 9.98392
3014 9.98438
3015 9.98466
3016 9.98491
3017 9.98525
3018 9.98546
3019 9.98589
3020 9.98652
3021 9.98678
3022 9.98737
3023 9.98773
3024 9.98788
3025 9.9882
3026 9.98854
3027 9.98881
3028 9.98905
3029 9.98958
3030 9.98979
3031 9.98998
3032 9.9903
3033 9.99057
3034 9.99083
3035 9.99119
3036 9.99127
3037 9.99152
3038 9.99178
3039 9.99201
3040 9.99231
3041 9.99254
3042 9.99275
3043 9.99292
3044 9.99299
3045 9.99316
3046 9.99328
3047 9.99356
3048 9.99377
3049 9.99394
3050 9.99417
3051 9.9943
3052 9.99445
3053 9.9946
3054 9.99472
3055 9.99487
3056 9.99504
3057 9.99521
3058 9.9953
3059 9.99544
3060 9.99553
3061 9.99564
3062 9.99574
3063 9.99583
3064 9.99602
3065 9.99612
3066 9.99627
3067 9.99631
3068 9.99648
3069 9.99659
3070 9.99665
3071 9.99676
3072 9.9968
3073 9.99686
3074 9.99693
3075 9.99701
3076 9.99712
3077 9.99731
3078 9.99746
3079 9.99756
3080 9.99763
3081 9.9978
3082 9.9979
3083 9.99803
3084 9.99807
3085 9.99818
3086 9.99835
3087 9.99839
3088 9.9985
3089 9.99854
3090 9.99864
3091 9.99871
3092 9.99875
3093 9.99892
3094 9.99894
3095 9.99896
3096 9.99909
3097 9.99915
3098 9.9992
3099 9.99924
3100 9.9993
3101 9.99939
3102 9.99949
3103 9.99962
3104 9.99966
3105 9.9997
3106 9.99981
3107 9.99987
3108 9.99994
3109 9.99994
3110 9.99998
3111 10
3112 10
3113 10
3114 10
3115 10
3116 10
3117 10
3118 10
3119 10
3120 10
3121 10
3122 10
3123 10
3124 10
3125 10
3126 10
3127 10
3128 10
3129 10
3130 10
3131 10
3132 10
3133 10
3134 10
3135 10
3136 10
3137 10
3138 10
3139 10
3140 10
3141 10
3142 10
3143 10
3144 10
3145 10
3146 10
3147 10
3148 10
3149 10
3150 10
3151 10
3152 10
3153 10
3154 10
3155 10
3156 10
3157 10
3158 10
3159 10
3160 10
3161 10
3162 10
3163 10
3164 10
3165 10
3166 10
3167 10
3168 10
3169 10
3170 10
3171 10
3172 10
3173 10
3174 10
3175 10
3176 10
3177 10
3178 10
3179 10
3180 10
3181 10
3182 10
3183 10
3184 10
3185 10
3186 10
3187 10
3188 10
3189 10
3190 10
3191 10
3192 10
3193 10
3194 10
3195 10
3196 10
3197 10
3198 10
3199 10
3200 10
3201 10
3202 10
3203 10
3204 10
3205 10
3206 10
3207 10
3208 10
3209 10
3210 10
3211 10
3212 10
3213 10
3214 10
3215 10
3216 10
3217 10
3218 10
3219 10
3220 10
3221 10
3222 10
3223 10
3224 10
3225 10
3226 10
3227 10
3228 10
3229 10
3230 10
3231 10
3232 10
3233 10
3234 10
3235 10
3236 10
3237 10
3238 10
3239 10
3240 10
3241 10
3242 10
3243 10
3244 10
3245 10
3246 10
3247 10
3248 10
3249 10
3250 10
3251 10
3252 10
3253 10
3254 10
3255 10
3256 10
3257 10
3258 10
3259 10
3260 10
3261 10
3262 10
3263 10
3264 10
3265 10
3266 10
3267 10
3268 10
3269 10
3270 10
3271 10
3272 10
3273 10
3274 10
3275 10
3276 10
3277 10
3278 10
3279 10
3280 10
3281 10
3282 10
3283 10
3284 10
3285 10
3286 10
3287 10
3288 10
3289 10
3290 10
3291 10
3292 10
3293 10
3294 10
3295 10
3296 10
3297 10
3298 10
3299 10
3300 10
3301 10
3302 10
3303 10
3304 10
3305 10
3306 10
3307 10
3308 10
3309 10
3310 10
3311 10
3312 10
3313 10
3314 10
3315 10
3316 10
3317 10
3318 10
3319 10
3320 10
3321 10
3322 10
3323 10
3324 10
3325 10
3326 10
3327 10
3328 10
3329 10
3330 10
3331 10
3332 10
3333 10
3334 10
3335 10
3336 10
3337 10
3338 10
3339 10
3340 10
3341 10
3342 10
3343 10
3344 10
3345 10
3346 10
3347 10
3348 10
3349 10
3350 10
3351 10
3352 10
3353 10
3354 10
3355 10
3356 10
3357 10
3358 10
3359 10
3360 10
3361 10
3362 10
3363 10
3364 10
3365 10
3366 10
3367 10
3368 10
3369 10
3370 10
3371 10
3372 10
3373 10
3374 10
3375 10
3376 10
3377 10
3378 10
3379 10
3380 10
3381 10
3382 10
3383 10
3384 10
3385 10
3386 10
3387 10
3388 10
3389 10
3390 10
3391 10
3392 10
3393 10
3394 10
3395 10
3396 10
3397 10
3398 10
3399 10
3400 10
3401 10
3402 10
3403 10
3404 10
3405 10
3406 10
3407 10
3408 10
3409 10
3410 10
3411 10
3412 10
3413 10
3414 10
3415 10
3416 10
3417 10
3418 10
3419 10
3420 10
3421 10
3422 10
3423 10
3424 10
3425 10
3426 10
3427 10
3428 10
3429 10
3430 10
3431 10
3432 10
3433 10
3434 10
3435 10
3436 10
3437 10
3438 10
3439 10
3440 10
3441 10
3442 10
3443 10
3444 10
3445 10
3446 10
3447 10
3448 10
3449 10
3450 10
3451 10
3452 10
3453 10
3454 10
3455 10
3456 10
3457 10
3458 10
3459 10
3460 10
3461 10
3462 10
3463 10
3464 10
3465 10
3466 10
3467 10
3468 10
3469 10
3470 10
3471 10
3472 10
3473 10
3474 10
3475 10
3476 10
3477 10
3478 10
3479 10
3480 10
3481 10
3482 10
3483 10
3484 10
3485 10
3486 10
3487 10
3488 10
3489 10
3490 10
3491 10
3492 10
3493 10
3494 10
3495 10
3496 10
3497 10
3498 10
3499 10
3500 10
3501 10
3502 10
3503 10
3504 10
3505 10
3506 10
3507 10
3508 10
3509 10
3510 10
3511 10
3512 10
3513 10
3514 10
3515 10
3516 10
3517 10
3518 10
3519 10
3520 10
3521 10
3522 10
3523 10
3524 10
3525 10
3526 10
3527 10
3528 10
3529 10
3530 10
3531 10
3532 10
3533 10
3534 10
3535 10
3536 10
3537 10
3538 10
3539 10
3540 10
3541 10
3542 10
3543 10
3544 10
3545 10
3546 10
3547 10
3548 10
3549 10
3550 10
3551 10
3552 10
3553 10
3554 10
3555 10
3556 10
3557 10
3558 10
3559 10
3560 10
3561 10
3562 10
3563 10
3564 10
3565 10
3566 10
3567 10
3568 10
3569 10
3570 10
3571 10
3572 10
3573 10
3574 10
3575 10
3576 10
3577 10
3578 10
3579 10
3580 10
3581 10
3582 10
3583 10
3584 10
3585 10
3586 10
3587 10
3588 10
3589 10
3590 10
3591 10
3592 10
3593 10
3594 10
3595 10
3596 10
3597 10
3598 10
3599 10
3600 10
3601 10
3602 10
3603 10
3604 10
3605 10
3606 10
3607 10
3608 10
3609 10
3610 10
3611 10
3612 10
3613 10
3614 10
3615 10
3616 10
3617 10
3618 10
3619 10
3620 10
3621 10
3622 10
3623 10
3624 10
3625 10
3626 10
3627 10
3628 10
3629 10
3630 10
3631 10
3632 10
3633 10
3634 10
3635 10
3636 10
3637 10
3638 10
3639 10
3640 10
3641 10
3642 10
3643 10
3644 10
3645 10
3646 10
3647 10
3648 10
3649 10
3650 10
3651 10
3652 10
3653 10
3654 10
3655 10
3656 10
3657 10
3658 10
3659 10
3660 10
3661 10
3662 10
3663 10
3664 10
3665 10
3666 10
3667 10
3668 10
3669 10
3670 10
3671 10
3672 10
3673 10
3674 10
3675 10
3676 10
3677 10
3678 10
3679 10
3680 10
3681 10
3682 10
3683 10
3684 10
3685 10
3686 10
3687 10
3688 10
3689 10
3690 10
3691 10
3692 10
3693 10
3694 10
3695 10
3696 10
3697 10
3698 10
3699 10
3700 10
3701 10
3702 10
3703 10
3704 10
3705 10
3706 10
3707 10
3708 10
3709 10
3710 10
3711 10
3712 10
3713 10
3714 10
3715 10
3716 10
3717 10
3718 10
3719 10
3720 10
3721 10
3722 10
3723 10
3724 10
3725 10
3726 10
3727 10
3728 10
3729 10
3730 10
3731 10
3732 10
3733 10
3734 10
3735 10
3736 10
3737 10
3738 10
3739 10
3740 10
3741 10
3742 10
3743 10
3744 10
3745 10
3746 10
3747 10
3748 10
3749 10
3750 10
3751 10
3752 10
3753 10
3754 10
3755 10
3756 10
3757 10
3758 10
3759 10
3760 10
3761 10
3762 10
3763 10
3764 10
3765 10
3766 10
3767 10
3768 10
3769 10
3770 10
3771 10
3772 10
3773 10
3774 10
3775 10
3776 10
3777 10
3778 10
3779 10
3780 10
3781 10
3782 10
3783 10
3784 10
3785 10
3786 10
3787 10
3788 10
3789 10
3790 10
3791 10
3792 10
3793 10
3794 10
3795 10
3796 10
3797 10
3798 10
3799 10
3800 10
3801 10
3802 10
3803 10
3804 10
3805 10
3806 10
3807 10
3808 10
3809 10
3810 10
3811 10
3812 10
3813 10
3814 10
3815 10
3816 10
3817 10
3818 10
3819 10
3820 10
3821 10
3822 10
3823 10
3824 10
3825 10
3826 10
3827 10
3828 10
3829 10
3830 10
3831 10
3832 10
3833 10
3834 10
3835 10
3836 10
3837 10
3838 10
3839 10
3840 10
3841 10
3842 10
3843 10
3844 10
3845 10
3846 10
3847 10
3848 10
3849 10
3850 10
3851 10
3852 10
3853 10
3854 10
3855 10
3856 10
3857 10
3858 10
3859 10
3860 10
3861 10
3862 10
3863 10
3864 10
3865 10
3866 10
3867 10
3868 10
3869 10
3870 10
3871 10
3872 10
3873 10
3874 10
3875 10
3876 10
3877 10
3878 10
3879 10
3880 10
3881 10
3882 10
3883 10
3884 10
3885 10
3886 10
3887 10
3888 10
3889 10
3890 10
3891 10
3892 10
3893 10
3894 10
3895 10
3896 10
3897 10
3898 10
3899 10
3900 10
3901 10
3902 10
3903 10
3904 10
3905 10
3906 10
3907 10
3908 10
3909 10
3910 10
3911 10
3912 10
3913 10
3914 10
3915 10
3916 10
3917 10
3918 10
3919 10
3920 10
3921 10
3922 10
3923 10
3924 10
3925 10
3926 10
3927 10
3928 10
3929 10
3930 10
3931 10
3932 10
3933 10
3934 10
3935 10
3936 10
3937 10
3938 10
3939 10
3940 10
3941 10
3942 10
3943 10
3944 10
3945 10
3946 10
3947 10
3948 10
3949 10
3950 10
3951 10
3952 10
3953 10
3954 10
3955 10
3956 10
3957 10
3958 10
3959 10
3960 10
3961 10
3962 10
3963 10
3964 10
3965 10
3966 10
3967 10
3968 10
3969 10
3970 10
3971 10
3972 10
3973 10
3974 10
3975 10
3976 10
3977 10
3978 10
3979 10
3980 10
3981 10
3982 10
3983 10
3984 10
3985 10
3986 10
3987 10
3988 10
3989 10
3990 10
3991 10
3992 10
3993 10
3994 10
3995 10
3996 10
3997 10
3998 10
3999 10
4000 10
4001 10
4002 10
4003 10
4004 10
4005 10
4006 10
4007 10
4008 10
4009 10
4010 10
4011 10
4012 10
4013 10
4014 10
4015 10
4016 10
4017 10
4018 10
4019 10
4020 10
4021 10
4022 10
4023 10
4024 10
4025 10
4026 10
4027 10
4028 10
4029 10
4030 10
4031 10
4032 10
4033 10
4034 10
4035 10
4036 10
4037 10
4038 10
4039 10
4040 10
4041 10
4042 10
4043 10
4044 10
4045 10
4046 10
4047 10
4048 10
4049 10
4050 10
4051 10
4052 10
4053 10
4054 10
4055 10
4056 10
4057 10
4058 10
4059 10
4060 10
4061 10
4062 10
4063 10
4064 10
4065 10
4066 10
4067 10
4068 10
4069 10
4070 10
4071 10
4072 10
4073 10
4074 10
4075 10
4076 10
4077 10
4078 10
4079 10
4080 10
4081 10
4082 10
4083 10
4084 10
4085 10
4086 10
4087 10
4088 10
4089 10
4090 10
4091 10
4092 10
4093 10
4094 10
4095 10
4096 10
4097 10
4098 10
4099 10
4100 10
4101 10
4102 10
4103 10
4104 10
4105 10
4106 10
4107 10
4108 10
4109 10
4110 10
4111 10
4112 10
4113 10
4114 10
4115 10
4116 10
4117 10
4118 10
4119 10
4120 10
4121 10
4122 10
4123 10
4124 10
4125 10
4126 10
4127 10
4128 10
4129 10
4130 10
4131 10
4132 10
4133 10
4134 10
4135 10
4136 10
4137 10
4138 10
4139 10
4140 10
4141 10
4142 10
4143 10
4144 10
4145 10
4146 10
4147 10
4148 10
4149 10
4150 10
4151 10
4152 10
4153 10
4154 10
4155 10
4156 10
4157 10
4158 10
4159 10
4160 10
4161 10
4162 10
4163 10
4164 10
4165 10
4166 10
4167 10
4168 10
4169 10
4170 10
4171 10
4172 10
4173 10
4174 10
4175 10
4176 10
4177 10
4178 10
4179 10
4180 10
4181 10
4182 10
4183 10
4184 10
4185 10
4186 10
4187 10
4188 10
4189 10
4190 10
4191 10
4192 10
4193 10
4194 10
4195 10
4196 10
4197 10
4198 10
4199 10
4200 10
4201 10
4202 10
4203 10
4204 10
4205 10
4206 10
4207 10
4208 10
4209 10
4210 10
4211 10
4212 10
4213 10
4214 10
4215 10
4216 10
4217 10
4218 10
4219 10
4220 10
4221 10
4222 10
4223 10
4224 10
4225 10
4226 10
4227 10
4228 10
4229 10
4230 10
4231 10
4232 10
4233 10
4234 10
4235 10
4236 10
4237 10
4238 10
4239 10
4240 10
4241 10
4242 10
4243 10
4244 10
4245 10
4246 10
4247 10
4248 10
4249 10
4250 10
4251 10
4252 10
4253 10
4254 10
4255 10
4256 10
4257 10
4258 10
4259 10
4260 10
4261 10
4262 10
4263 10
4264 10
4265 10
4266 10
4267 10
4268 10
4269 10
4270 10
4271 10
4272 10
4273 10
4274 10
4275 10
4276 10
4277 10
4278 10
4279 10
4280 10
4281 10
4282 10
4283 10
4284 10
4285 10
4286 10
4287 10
4288 10
4289 10
4290 10
4291 10
4292 10
4293 10
4294 10
4295 10
4296 10
4297 10
4298 10
4299 10
4300 10
4301 10
4302 10
4303 10
4304 10
4305 10
4306 10
4307 10
4308 10
4309 10
4310 10
4311 10
4312 10
4313 10
4314 10
4315 10
4316 10
4317 10
4318 10
4319 10
4320 10
4321 10
4322 10
4323 10
4324 10
4325 10
4326 10
4327 10
4328 10
4329 10
4330 10
4331 10
4332 10
4333 10
4334 10
4335 10
4336 10
4337 10
4338 10
4339 10
4340 10
4341 10
4342 10
4343 10
4344 10
4345 10
4346 10
4347 10
4348 10
4349 10
4350 10
4351 10
4352 10
4353 10
4354 10
4355 10
4356 10
4357 10
4358 10
4359 10
4360 10
4361 10
4362 10
4363 10
4364 10
4365 10
4366 10
4367 10
4368 10
4369 10
4370 10
4371 10
4372 10
4373 10
4374 10
4375 10
4376 10
4377 10
4378 10
4379 10
4380 10
4381 10
4382 10
4383 10
4384 10
4385 10
4386 10
4387 10
4388 10
4389 10
4390 10
4391 10
4392 10
4393 10
4394 10
4395 10
4396 10
4397 10
4398 10
4399 10
4400 10
4401 10
4402 10
4403 10
4404 10
4405 10
4406 10
4407 10
4408 10
4409 10
4410 10
4411 10
4412 10
4413 10
4414 10
4415 10
4416 10
4417 10
4418 10
4419 10
4420 10
4421 10
4422 10
4423 10
4424 10
4425 10
4426 10
4427 10
4428 10
4429 10
4430 10
4431 10
4432 10
4433 10
4434 10
4435 10
4436 10
4437 10
4438 10
4439 10
4440 10
4441 10
4442 10
4443 10
4444 10
4445 10
4446 10
4447 10
4448 10
4449 10
4450 10
4451 10
4452 10
4453 10
4454 10
4455 10
4456 10
4457 10
4458 10
4459 10
4460 10
4461 10
4462 10
4463 10
4464 10
4465 10
4466 10
4467 10
4468 10
4469 10
4470 10
4471 10
4472 10
4473 10
4474 10
4475 10
4476 10
4477 10
4478 10
4479 10
4480 10
4481 10
4482 10
4483 10
4484 10
4485 10
4486 10
4487 10
4488 10
4489 10
4490 10
4491 10
4492 10
4493 10
4494 10
4495 10
4496 10
4497 10
4498 10
4499 10
4500 10
4501 10
4502 10
4503 10
4504 10
4505 10
4506 10
4507 10
4508 10
4509 10
4510 10
4511 10
4512 10
4513 10
4514 10
4515 10
4516 10
4517 10
4518 10
4519 10
4520 10
4521 10
4522 10
4523 10
4524 10
4525 10
4526 10
4527 10
4528 10
4529 10
4530 10
4531 10
4532 10
4533 10
4534 10
4535 10
4536 10
4537 10
4538 10
4539 10
4540 10
4541 10
4542 10
4543 10
4544 10
4545 10
4546 10
4547 10
4548 10
4549 10
4550 10
4551 10
4552 10
4553 10
4554 10
4555 10
4556 10
4557 10
4558 10
4559 10
4560 10
4561 10
4562 10
4563 10
4564 10
4565 10
4566 10
4567 10
4568 10
4569 10
4570 10
4571 10
4572 10
4573 10
4574 10
4575 10
4576 10
4577 10
4578 10
4579 10
4580 10
4581 10
4582 10
4583 10
4584 10
4585 10
4586 10
4587 10
4588 10
4589 10
4590 10
4591 10
4592 10
4593 10
4594 10
4595 10
4596 10
4597 10
4598 10
4599 10
4600 10
4601 10
4602 10
4603 10
4604 10
4605 10
4606 10
4607 10
4608 10
4609 10
4610 10
4611 10
4612 10
4613 10
4614 10
4615 10
4616 10
4617 10
4618 10
4619 10
4620 10
4621 10
4622 10
4623 10
4624 10
4625 10
4626 10
4627 10
4628 10
4629 10
4630 10
4631 10
4632 10
4633 10
4634 10
4635 10
4636 10
4637 10
4638 10
4639 10
4640 10
4641 10
4642 10
4643 10
4644 10
4645 10
4646 10
4647 10
4648 10
4649 10
4650 10
4651 10
4652 10
4653 10
4654 10
4655 10
4656 10
4657 10
4658 10
4659 10
4660 10
4661 10
4662 10
4663 10
4664 10
4665 10
4666 10
4667 10
4668 10
4669 10
4670 10
4671 10
4672 10
4673 10
4674 10
4675 10
4676 10
4677 10
4678 10
4679 10
4680 10
4681 10
4682 10
4683 10
4684 10
4685 10
4686 10
4687 10
4688 10
4689 10
4690 10
4691 10
4692 10
4693 10
4694 10
4695 10
4696 10
4697 10
4698 10
4699 10
4700 10
4701 10
4702 10
4703 10
4704 10
4705 10
4706 10
4707 10
4708 10
4709 10
4710 10
4711 10
4712 10
4713 10
4714 10
4715 10
4716 10
4717 10
4718 10
4719 10
4720 10
4721 10
4722 10
4723 10
4724 10
4725 10
4726 10
4727 10
4728 10
4729 10
4730 10
4731 10
4732 10
4733 10
4734 10
4735 10
4736 10
4737 10
4738 10
4739 10
4740 10
4741 10
4742 10
4743 10
4744 10
4745 10
4746 10
4747 10
4748 10
4749 10
4750 10
4751 10
4752 10
4753 10
4754 10
4755 10
4756 10
4757 10
4758 10
4759 10
4760 10
4761 10
4762 10
4763 10
4764 10
4765 10
4766 10
4767 10
4768 10
4769 10
4770 10
4771 10
4772 10
4773 10
4774 10
4775 10
4776 10
4777 10
4778 10
4779 10
4780 10
4781 10
4782 10
4783 10
4784 10
4785 10
4786 10
4787 10
4788 10
4789 10
4790 10
4791 10
4792 10
4793 10
4794 10
4795 10
4796 10
4797 10
4798 10
4799 10
4800 10
4801 10
4802 10
4803 10
4804 10
4805 10
4806 10
4807 10
4808 10
4809 10
4810 10
4811 10
4812 10
4813 10
4814 10
4815 10
4816 10
4817 10
4818 10
4819 10
4820 10
4821 10
4822 10
4823 10
4824 10
4825 10
4826 10
4827 10
4828 10
4829 10
4830 10
4831 10
4832 10
4833 10
4834 10
4835 10
4836 10
4837 10
4838 10
4839 10
4840 10
4841 10
4842 10
4843 10
4844 10
4845 10
4846 10
4847 10
4848 10
4849 10
4850 10
4851 10
4852 10
4853 10
4854 10
4855 10
4856 10
4857 10
4858 10
4859 10
4860 10
4861 10
4862 10
4863 10
4864 10
4865 10
4866 10
4867 10
4868 10
4869 10
4870 10
4871 10
4872 10
4873 10
4874 10
4875 10
4876 10
4877 10
4878 10
4879 10
4880 10
4881 10
4882 10
4883 10
4884 10
4885 10
4886 10
4887 10
4888 10
4889 10
4890 10
4891 10
4892 10
4893 10
4894 10
4895 10
4896 10
4897 10
4898 10
4899 10
4900 10
4901 10
4902 10
4903 10
4904 10
4905 10
4906 10
4907 10
4908 10
4909 10
4910 10
4911 10
4912 10
4913 10
4914 10
4915 10
4916 10
4917 10
4918 10
4919 10
4920 10
4921 10
4922 10
4923 10
4924 10
4925 10
4926 10
4927 10
4928 10
4929 10
4930 10
4931 10
4932 10
4933 10
4934 10
4935 10
4936 10
4937 10
4938 10
4939 10
4940 10
4941 10
4942 10
4943 10
4944 10
4945 10
4946 10
4947 10
4948 10
4949 10
4950 10
4951 10
4952 10
4953 10
4954 10
4955 10
4956 10
4957 10
4958 10
4959 10
4960 10
4961 10
4962 10
4963 10
4964 10
4965 10
4966 10
4967 10
4968 10
4969 10
4970 10
4971 10
4972 10
4973 10
4974 10
4975 10
4976 10
4977 10
4978 10
4979 10
4980 10
4981 10
4982 10
4983 10
4984 10
4985 10
4986 10
4987 10
4988 10
4989 10
4990 10
4991 10
4992 10
4993 10
4994 10
4995 10
4996 10
4997 10
4998 10
