0 0
1 0
2 0
3 0
4 0
5 0
6 0
7 0
8 0
9 0
10 0
11 0
12 0
13 0
14 0
15 0
16 0
17 0
18 0
19 0
20 0
21 0
22 0
23 0
24 0
25 0
26 0
27 0
28 0
29 0
30 0
31 0
32 0
33 0
34 0
35 0
36 0
37 0
38 0
39 0
40 0
41 0
42 0
43 0
44 0
45 0
46 0
47 0
48 0
49 0
50 0
51 0
52 0
53 0
54 0
55 0
56 0
57 0
58 0
59 0
60 0
61 0
62 0
63 0
64 0
65 0
66 0
67 0
68 0
69 0
70 0
71 0
72 0
73 0
74 0
75 0
76 0
77 0
78 0
79 0
80 0
81 0
82 0
83 0
84 0
85 0
86 0
87 0
88 0
89 0
90 0
91 0
92 0
93 0
94 0
95 0
96 0
97 0
98 0
99 0
100 0
101 0
102 0
103 0
104 0
105 0
106 0
107 0
108 0
109 0
110 0
111 0
112 0
113 0
114 0
115 0
116 0
117 0
118 0
119 0
120 0
121 0
122 0
123 0
124 0
125 0
126 0
127 0
128 0
129 0
130 0
131 0
132 0
133 0
134 0
135 0
136 0
137 0
138 0
139 0
140 0
141 0
142 0
143 0
144 0
145 0
146 0
147 0
148 0
149 0
150 0
151 0
152 0
153 0
154 0
155 0
156 0
157 0
158 0
159 0
160 0
161 0
162 0
163 0
164 0
165 0
166 0
167 0
168 0
169 0
170 0
171 0
172 0
173 0
174 0
175 0
176 0
177 0
178 0
179 0
180 0
181 0
182 0
183 0
184 0
185 0
186 0
187 0
188 0
189 0
190 0
191 0
192 0
193 0
194 0
195 0
196 0
197 0
198 0
199 0
200 0
201 0
202 0
203 0
204 0
205 0
206 0
207 0
208 0
209 0
210 0
211 0
212 0
213 0
214 0
215 0
216 0
217 0
218 0
219 0
220 0
221 0
222 0
223 0
224 0
225 0
226 0
227 0
228 0
229 0
230 0
231 0
232 0
233 0
234 0
235 0
236 0
237 0
238 0
239 0
240 0
241 0
242 0
243 0
244 0
245 0
246 0
247 0
248 0
249 0
250 0
251 0
252 0
253 0
254 0
255 0
256 0
257 0
258 0
259 0
260 0
261 0
262 0
263 0
264 0
265 0
266 0
267 0
268 0
269 0
270 0
271 0
272 0
273 0
274 0
275 0
276 0
277 0
278 0
279 0
280 0
281 0
282 0
283 0
284 0
285 0
286 0
287 0
288 0
289 0
290 0
291 0
292 0
293 0
294 0
295 0
296 0
297 0
298 0
299 0
300 0
301 0
302 0
303 0
304 0
305 0
306 0
307 0
308 0
309 0
310 0
311 0
312 0
313 0
314 0
315 0
316 0
317 0
318 0
319 0
320 0
321 0
322 0
323 0
324 0
325 0
326 0
327 0
328 0
329 0
330 0
331 0
332 0
333 0
334 0
335 0
336 0
337 0
338 0
339 0
340 0
341 0
342 0
343 0
344 0
345 0
346 0
347 0
348 0
349 0
350 0
351 0
352 0
353 0
354 0
355 0
356 0
357 0
358 0
359 0
360 0
361 0
362 0
363 0
364 0
365 0
366 0
367 0
368 0
369 0
370 0
371 0
372 0
373 0
374 0
375 0
376 0
377 0
378 0
379 0
380 0
381 0
382 0
383 0
384 0
385 0
386 0
387 0
388 0
389 0
390 0
391 0
392 0
393 0
394 0
395 0
396 0
397 0
398 0
399 0
400 0
401 0
402 0
403 0
404 0
405 0
406 0
407 0
408 0
409 0
410 0
411 0
412 0
413 0
414 0
415 0
416 0
417 0
418 0
419 0
420 0
421 0
422 0
423 0
424 0
425 0
426 0
427 0
428 0
429 0
430 0
431 0
432 0
433 0
434 0
435 0
436 0
437 0
438 0
439 0
440 0
441 0
442 0
443 0
444 0
445 0
446 0
447 0
448 0
449 0
450 0
451 0
452 0
453 0
454 0
455 0
456 0
457 0
458 0
459 0
460 0
461 0
462 0
463 0
464 0
465 0
466 0
467 0
468 0
469 0
470 0
471 0
472 0
473 0
474 0
475 0
476 0
477 0
478 0
479 0
480 0
481 0
482 0
483 0
484 0
485 0
486 0
487 0
488 0
489 0
490 0
491 0
492 0
493 0
494 0
495 0
496 0
497 0
498 0
499 0
500 0.00614982
501 0.00617003
502 0.00617003
503 0.00619697
504 0.00621044
505 0.00623065
506 0.00624412
507 0.00625086
508 0.00625759
509 0.00627107
510 0.0062778
511 0.0062778
512 0.00630475
513 0.00631822
514 0.00633169
515 0.00633842
516 0.00634516
517 0.00635863
518 0.0063721
519 0.00637884
520 0.00639231
521 0.00639231
522 0.00640578
523 0.00641252
524 0.00641925
525 0.00641925
526 0.00643273
527 0.00645293
528 0.00647314
529 0.00649335
530 0.00650682
531 0.00652029
532 0.00653376
533 0.0065405
534 0.00654724
535 0.00656744
536 0.00656744
537 0.00657418
538 0.00658091
539 0.00658091
540 0.00658765
541 0.00660112
542 0.00661459
543 0.00661459
544 0.00661459
545 0.00662133
546 0.0066348
547 0.00664827
548 0.00665501
549 0.00667522
550 0.00668869
551 0.0067089
552 0.0067089
553 0.00671563
554 0.00671563
555 0.00672237
556 0.0067291
557 0.00673584
558 0.00677625
559 0.00679646
560 0.00679646
561 0.00679646
562 0.0068032
563 0.00682341
564 0.00682341
565 0.00685035
566 0.00685035
567 0.00686382
568 0.00687729
569 0.00691771
570 0.00692444
571 0.00692444
572 0.00693791
573 0.00695139
574 0.00698507
575 0.0069918
576 0.00699854
577 0.00701874
578 0.00701874
579 0.00703222
580 0.00705242
581 0.0070659
582 0.00707937
583 0.00709957
584 0.00711978
585 0.00713325
586 0.00713999
587 0.00713999
588 0.00715346
589 0.00716693
590 0.00717367
591 0.0071804
592 0.00719388
593 0.00720061
594 0.00722082
595 0.00723429
596 0.00724776
597 0.00724776
598 0.00724776
599 0.00726123
600 0.00726797
601 0.00728144
602 0.00728818
603 0.00728818
604 0.00729491
605 0.00730839
606 0.00732186
607 0.00732859
608 0.00733533
609 0.00734206
610 0.00734206
611 0.00735554
612 0.00736901
613 0.00739595
614 0.00742963
615 0.00743637
616 0.00746331
617 0.00747005
618 0.00749025
619 0.00749699
620 0.00749699
621 0.00751046
622 0.00753067
623 0.00755088
624 0.00755761
625 0.00758456
626 0.00759129
627 0.00760476
628 0.0076115
629 0.00763844
630 0.00767212
631 0.00767886
632 0.00767886
633 0.00769906
634 0.0077058
635 0.00771927
636 0.00774621
637 0.00778663
638 0.00780684
639 0.00785399
640 0.0078944
641 0.00790787
642 0.00792135
643 0.00798197
644 0.00804259
645 0.00815037
646 0.0082312
647 0.00831876
648 0.00839959
649 0.00856125
650 0.00867576
651 0.00889131
652 0.00908665
653 0.00926178
654 0.00952448
655 0.00980738
656 0.00998925
657 0.0102519
658 0.0105012
659 0.010838
660 0.0112691
661 0.0117204
662 0.0121515
663 0.0126364
664 0.0131282
665 0.0137209
666 0.014408
667 0.0151422
668 0.0159841
669 0.0168531
670 0.0178096
671 0.0187795
672 0.0200593
673 0.0212853
674 0.022464
675 0.0239594
676 0.0254547
677 0.0271522
678 0.0288968
679 0.030776
680 0.0328776
681 0.0352823
682 0.0378622
683 0.0405228
684 0.0435472
685 0.0465716
686 0.0498048
687 0.053752
688 0.0579282
689 0.062778
690 0.0677962
691 0.073003
692 0.078614
693 0.0849457
694 0.0917085
695 0.0987407
696 0.106298
697 0.114428
698 0.12363
699 0.132467
700 0.142409
701 0.152439
702 0.163371
703 0.174209
704 0.185222
705 0.196437
706 0.207578
707 0.219514
708 0.231841
709 0.243864
710 0.256305
711 0.268578
712 0.280817
713 0.293211
714 0.305248
715 0.317036
716 0.328931
717 0.340935
718 0.353308
719 0.365736
720 0.378103
721 0.389985
722 0.402379
723 0.414739
724 0.426688
725 0.438557
726 0.451039
727 0.463412
728 0.475597
729 0.487762
730 0.499759
731 0.512133
732 0.524264
733 0.536415
734 0.548358
735 0.560227
736 0.572917
737 0.584994
738 0.597341
739 0.610011
740 0.622398
741 0.635048
742 0.647072
743 0.659573
744 0.671745
745 0.684469
746 0.6972
747 0.709412
748 0.721644
749 0.734321
750 0.74627
751 0.758893
752 0.771584
753 0.784045
754 0.796506
755 0.809048
756 0.821638
757 0.833513
758 0.846318
759 0.858819
760 0.870964
761 0.882819
762 0.895045
763 0.906866
764 0.919132
765 0.930603
766 0.943085
767 0.956098
768 0.96854
769 0.981257
770 0.993469
771 1.00544
772 1.01771
773 1.03003
774 1.04235
775 1.05493
776 1.06771
777 1.08004
778 1.09266
779 1.10465
780 1.11669
781 1.12919
782 1.14218
783 1.15419
784 1.16629
785 1.17821
786 1.19065
787 1.20288
788 1.21531
789 1.22756
790 1.23952
791 1.25173
792 1.26343
793 1.27549
794 1.28827
795 1.3005
796 1.31276
797 1.32546
798 1.33805
799 1.35069
800 1.36251
801 1.37501
802 1.38714
803 1.39904
804 1.41137
805 1.42343
806 1.43582
807 1.44845
808 1.4609
809 1.47269
810 1.48446
811 1.49687
812 1.509
813 1.52086
814 1.533
815 1.54556
816 1.55761
817 1.56977
818 1.58191
819 1.59372
820 1.60566
821 1.61796
822 1.62959
823 1.64184
824 1.65336
825 1.66553
826 1.67739
827 1.68952
828 1.70087
829 1.71312
830 1.72448
831 1.73624
832 1.74813
833 1.76034
834 1.7718
835 1.78314
836 1.79454
837 1.80602
838 1.81703
839 1.82846
840 1.83962
841 1.85078
842 1.86237
843 1.87436
844 1.88527
845 1.89623
846 1.90693
847 1.91761
848 1.92809
849 1.93858
850 1.94956
851 1.9601
852 1.97076
853 1.98139
854 1.99204
855 2.00236
856 2.01305
857 2.02318
858 2.03309
859 2.04373
860 2.05399
861 2.06451
862 2.07503
863 2.08467
864 2.09444
865 2.10391
866 2.11395
867 2.12348
868 2.13269
869 2.14204
870 2.15141
871 2.16042
872 2.16933
873 2.17825
874 2.1871
875 2.19521
876 2.20377
877 2.21222
878 2.22066
879 2.22891
880 2.23726
881 2.24588
882 2.25386
883 2.26161
884 2.26965
885 2.27766
886 2.28513
887 2.29256
888 2.30013
889 2.30757
890 2.31464
891 2.32155
892 2.32859
893 2.33559
894 2.34237
895 2.34892
896 2.35563
897 2.36218
898 2.36862
899 2.37478
900 2.38098
901 2.3876
902 2.39393
903 2.4004
904 2.40641
905 2.41234
906 2.41813
907 2.42387
908 2.42985
909 2.43588
910 2.4418
911 2.44738
912 2.45261
913 2.45818
914 2.46385
915 2.46926
916 2.47473
917 2.4801
918 2.48575
919 2.49099
920 2.49642
921 2.50179
922 2.50708
923 2.5125
924 2.51747
925 2.52248
926 2.52739
927 2.53246
928 2.53795
929 2.54299
930 2.54794
931 2.55292
932 2.55785
933 2.56294
934 2.56803
935 2.57305
936 2.57805
937 2.58276
938 2.58738
939 2.59234
940 2.59689
941 2.60189
942 2.60665
943 2.61139
944 2.61648
945 2.62104
946 2.62541
947 2.62991
948 2.63473
949 2.63965
950 2.64394
951 2.64862
952 2.65325
953 2.65802
954 2.66272
955 2.6674
956 2.67197
957 2.67643
958 2.6809
959 2.68555
960 2.68998
961 2.69437
962 2.69907
963 2.70361
964 2.70782
965 2.71202
966 2.71643
967 2.72054
968 2.7248
969 2.72929
970 2.73352
971 2.73804
972 2.74265
973 2.74686
974 2.75107
975 2.75557
976 2.76012
977 2.76458
978 2.76868
979 2.77297
980 2.77713
981 2.7814
982 2.78591
983 2.79016
984 2.79459
985 2.79869
986 2.80288
987 2.80713
988 2.81127
989 2.8153
990 2.81947
991 2.82377
992 2.82804
993 2.83234
994 2.83633
995 2.84042
996 2.8446
997 2.84889
998 2.85312
999 2.85738
1000 2.86153
1001 2.86585
1002 2.86974
1003 2.87407
1004 2.8781
1005 2.88267
1006 2.88692
1007 2.89106
1008 2.8951
1009 2.89943
1010 2.90352
1011 2.90779
1012 2.91199
1013 2.91603
1014 2.9202
1015 2.92431
1016 2.92834
1017 2.93266
1018 2.93713
1019 2.94101
1020 2.94508
1021 2.94928
1022 2.9534
1023 2.95749
1024 2.96156
1025 2.96584
1026 2.97004
1027 2.97408
1028 2.97818
1029 2.98248
1030 2.98664
1031 2.99043
1032 2.99465
1033 2.99884
1034 3.00276
1035 3.00671
1036 3.01087
1037 3.01496
1038 3.01897
1039 3.02304
1040 3.02712
1041 3.03108
1042 3.0353
1043 3.03951
1044 3.04364
1045 3.04769
1046 3.05169
1047 3.05581
1048 3.05987
1049 3.06405
1050 3.06801
1051 3.07212
1052 3.07618
1053 3.08041
1054 3.0844
1055 3.08847
1056 3.09213
1057 3.09605
1058 3.10035
1059 3.10445
1060 3.10866
1061 3.11269
1062 3.11706
1063 3.12117
1064 3.12539
1065 3.12945
1066 3.13366
1067 3.13766
1068 3.14152
1069 3.14542
1070 3.14942
1071 3.15333
1072 3.15712
1073 3.16106
1074 3.1649
1075 3.16864
1076 3.17276
1077 3.17646
1078 3.18037
1079 3.18427
1080 3.18821
1081 3.19232
1082 3.19599
1083 3.20018
1084 3.20408
1085 3.20769
1086 3.21176
1087 3.21605
1088 3.22008
1089 3.22406
1090 3.22779
1091 3.23186
1092 3.23608
1093 3.24013
1094 3.24413
1095 3.24836
1096 3.25239
1097 3.25661
1098 3.26085
1099 3.26496
1100 3.26908
1101 3.27278
1102 3.27667
1103 3.28062
1104 3.28434
1105 3.28807
1106 3.29213
1107 3.29579
1108 3.29977
1109 3.30416
1110 3.30831
1111 3.31225
1112 3.31619
1113 3.32028
1114 3.32425
1115 3.32797
1116 3.33213
1117 3.33625
1118 3.34005
1119 3.34407
1120 3.34797
1121 3.35202
1122 3.3559
1123 3.35974
1124 3.36376
1125 3.36748
1126 3.37157
1127 3.37552
1128 3.37962
1129 3.38345
1130 3.38728
1131 3.39117
1132 3.39521
1133 3.39905
1134 3.40288
1135 3.40647
1136 3.4104
1137 3.41427
1138 3.41813
1139 3.42166
1140 3.42545
1141 3.42937
1142 3.43353
1143 3.43733
1144 3.44119
1145 3.44509
1146 3.44868
1147 3.45247
1148 3.45649
1149 3.46045
1150 3.46415
1151 3.46807
1152 3.47229
1153 3.47629
1154 3.47986
1155 3.48367
1156 3.48757
1157 3.49162
1158 3.49569
1159 3.49958
1160 3.50341
1161 3.5073
1162 3.51103
1163 3.51494
1164 3.51898
1165 3.52281
1166 3.52669
1167 3.53081
1168 3.5346
1169 3.53834
1170 3.54245
1171 3.54617
1172 3.54999
1173 3.55382
1174 3.55774
1175 3.56164
1176 3.56556
1177 3.56973
1178 3.57396
1179 3.57794
1180 3.58157
1181 3.58533
1182 3.58941
1183 3.59364
1184 3.59777
1185 3.60184
1186 3.60596
1187 3.60991
1188 3.61391
1189 3.61784
1190 3.62178
1191 3.62559
1192 3.62954
1193 3.63323
1194 3.63734
1195 3.64121
1196 3.64535
1197 3.64926
1198 3.65333
1199 3.6572
1200 3.66138
1201 3.66529
1202 3.66915
1203 3.67278
1204 3.67652
1205 3.68052
1206 3.68444
1207 3.68805
1208 3.69208
1209 3.6956
1210 3.69975
1211 3.70347
1212 3.70742
1213 3.71147
1214 3.71527
1215 3.71911
1216 3.72312
1217 3.72687
1218 3.73101
1219 3.73481
1220 3.73858
1221 3.7426
1222 3.74637
1223 3.75011
1224 3.75386
1225 3.75766
1226 3.7617
1227 3.76554
1228 3.76938
1229 3.77336
1230 3.77697
1231 3.78046
1232 3.78441
1233 3.78828
1234 3.79222
1235 3.79633
1236 3.80048
1237 3.80459
1238 3.80832
1239 3.81191
1240 3.81557
1241 3.81974
1242 3.82367
1243 3.82747
1244 3.83114
1245 3.83498
1246 3.83858
1247 3.84233
1248 3.84616
1249 3.8502
1250 3.85379
1251 3.8576
1252 3.86189
1253 3.86571
1254 3.86915
1255 3.87296
1256 3.87661
1257 3.8804
1258 3.88413
1259 3.88804
1260 3.89189
1261 3.89559
1262 3.89955
1263 3.90336
1264 3.90706
1265 3.91093
1266 3.91497
1267 3.91873
1268 3.92242
1269 3.9265
1270 3.93009
1271 3.93368
1272 3.9375
1273 3.94127
1274 3.94521
1275 3.94938
1276 3.95295
1277 3.95664
1278 3.96008
1279 3.96419
1280 3.96802
1281 3.97194
1282 3.9759
1283 3.97975
1284 3.98313
1285 3.98692
1286 3.99088
1287 3.99453
1288 3.9985
1289 4.0023
1290 4.00612
1291 4.01006
1292 4.01423
1293 4.01808
1294 4.02209
1295 4.02588
1296 4.02979
1297 4.0335
1298 4.03737
1299 4.04123
1300 4.04502
1301 4.04872
1302 4.05228
1303 4.05602
1304 4.05999
1305 4.06405
1306 4.06794
1307 4.07159
1308 4.07558
1309 4.07972
1310 4.0835
1311 4.08744
1312 4.09115
1313 4.09496
1314 4.09871
1315 4.10246
1316 4.10617
1317 4.11028
1318 4.11409
1319 4.1181
1320 4.12183
1321 4.12576
1322 4.12929
1323 4.13329
1324 4.13737
1325 4.1412
1326 4.14489
1327 4.14877
1328 4.15273
1329 4.15637
1330 4.15975
1331 4.16391
1332 4.16735
1333 4.17107
1334 4.17499
1335 4.17881
1336 4.18275
1337 4.18684
1338 4.19058
1339 4.19433
1340 4.19791
1341 4.2017
1342 4.20528
1343 4.20918
1344 4.21275
1345 4.21659
1346 4.22045
1347 4.224
1348 4.22784
1349 4.2317
1350 4.23551
1351 4.2393
1352 4.24281
1353 4.24676
1354 4.25066
1355 4.25459
1356 4.25843
1357 4.26245
1358 4.26646
1359 4.27014
1360 4.27364
1361 4.27733
1362 4.28095
1363 4.2848
1364 4.28825
1365 4.29187
1366 4.29575
1367 4.29957
1368 4.30323
1369 4.30704
1370 4.31093
1371 4.31468
1372 4.31867
1373 4.32252
1374 4.32627
1375 4.33001
1376 4.33385
1377 4.33752
1378 4.34144
1379 4.34524
1380 4.3492
1381 4.35312
1382 4.35687
1383 4.36081
1384 4.36451
1385 4.36843
1386 4.37246
1387 4.37643
1388 4.3803
1389 4.3842
1390 4.38804
1391 4.39183
1392 4.39565
1393 4.39969
1394 4.40332
1395 4.40736
1396 4.41129
1397 4.41509
1398 4.41877
1399 4.42292
1400 4.427
1401 4.43066
1402 4.43446
1403 4.43826
1404 4.44199
1405 4.4456
1406 4.44964
1407 4.45345
1408 4.45722
1409 4.46079
1410 4.46469
1411 4.46868
1412 4.47248
1413 4.47615
1414 4.48028
1415 4.48418
1416 4.48812
1417 4.49195
1418 4.49593
1419 4.49982
1420 4.50367
1421 4.50758
1422 4.51151
1423 4.51504
1424 4.51918
1425 4.52309
1426 4.52698
1427 4.53096
1428 4.53478
1429 4.53866
1430 4.54252
1431 4.5466
1432 4.5503
1433 4.55408
1434 4.55809
1435 4.56198
1436 4.56564
1437 4.5694
1438 4.57314
1439 4.57665
1440 4.58084
1441 4.58461
1442 4.58845
1443 4.59221
1444 4.59603
1445 4.60009
1446 4.60407
1447 4.6081
1448 4.61208
1449 4.61548
1450 4.61936
1451 4.62321
1452 4.62712
1453 4.63079
1454 4.63447
1455 4.63843
1456 4.64221
1457 4.64596
1458 4.64974
1459 4.65327
1460 4.65708
1461 4.6609
1462 4.66452
1463 4.66819
1464 4.67186
1465 4.67541
1466 4.67921
1467 4.68305
1468 4.68659
1469 4.69077
1470 4.69462
1471 4.69837
1472 4.70209
1473 4.70597
1474 4.70938
1475 4.71313
1476 4.71684
1477 4.72054
1478 4.72434
1479 4.7284
1480 4.73211
1481 4.73568
1482 4.73951
1483 4.74323
1484 4.74693
1485 4.751
1486 4.75518
1487 4.75878
1488 4.76282
1489 4.76637
1490 4.76991
1491 4.77386
1492 4.77767
1493 4.78158
1494 4.78529
1495 4.78924
1496 4.79272
1497 4.79652
1498 4.80017
1499 4.80381
1500 4.80763
1501 4.81139
1502 4.81554
1503 4.81932
1504 4.82312
1505 4.82689
1506 4.83078
1507 4.83461
1508 4.83829
1509 4.84227
1510 4.84591
1511 4.84982
1512 4.8535
1513 4.85709
1514 4.86066
1515 4.86437
1516 4.86817
1517 4.87178
1518 4.87545
1519 4.87923
1520 4.88314
1521 4.88724
1522 4.89083
1523 4.8945
1524 4.89835
1525 4.90211
1526 4.9058
1527 4.90957
1528 4.91359
1529 4.91748
1530 4.92118
1531 4.92461
1532 4.92851
1533 4.93204
1534 4.9355
1535 4.93944
1536 4.94335
1537 4.94719
1538 4.95093
1539 4.95467
1540 4.95866
1541 4.96241
1542 4.96615
1543 4.97001
1544 4.97359
1545 4.97731
1546 4.98082
1547 4.98455
1548 4.98823
1549 4.99178
1550 4.99549
1551 4.99912
1552 5.0029
1553 5.00652
1554 5.01032
1555 5.01419
1556 5.01786
1557 5.0215
1558 5.02537
1559 5.02913
1560 5.03306
1561 5.0367
1562 5.04048
1563 5.04417
1564 5.04793
1565 5.05205
1566 5.05581
1567 5.05947
1568 5.06286
1569 5.06627
1570 5.07017
1571 5.07434
1572 5.07787
1573 5.08168
1574 5.08549
1575 5.08924
1576 5.09318
1577 5.09704
1578 5.10098
1579 5.10465
1580 5.10872
1581 5.11241
1582 5.11634
1583 5.11984
1584 5.12351
1585 5.12736
1586 5.13108
1587 5.13495
1588 5.13859
1589 5.14221
1590 5.14549
1591 5.14902
1592 5.15261
1593 5.15608
1594 5.15983
1595 5.16344
1596 5.16702
1597 5.1709
1598 5.17439
1599 5.17837
1600 5.18211
1601 5.18586
1602 5.18973
1603 5.19329
1604 5.19704
1605 5.20106
1606 5.2047
1607 5.20851
1608 5.21243
1609 5.21615
1610 5.21959
1611 5.22321
1612 5.2268
1613 5.23047
1614 5.23427
1615 5.23786
1616 5.24157
1617 5.24541
1618 5.24909
1619 5.25292
1620 5.25672
1621 5.26067
1622 5.26427
1623 5.26791
1624 5.2717
1625 5.27553
1626 5.27937
1627 5.28299
1628 5.28663
1629 5.29073
1630 5.29442
1631 5.29805
1632 5.30151
1633 5.30494
1634 5.30864
1635 5.31259
1636 5.31617
1637 5.31969
1638 5.32322
1639 5.32697
1640 5.33085
1641 5.33433
1642 5.33796
1643 5.3415
1644 5.34504
1645 5.34892
1646 5.35243
1647 5.35629
1648 5.35988
1649 5.36357
1650 5.36731
1651 5.3708
1652 5.37447
1653 5.37859
1654 5.38269
1655 5.38664
1656 5.39001
1657 5.39382
1658 5.39712
1659 5.40085
1660 5.40442
1661 5.40815
1662 5.41213
1663 5.41572
1664 5.41917
1665 5.42295
1666 5.42634
1667 5.43012
1668 5.43367
1669 5.43732
1670 5.44116
1671 5.44492
1672 5.44884
1673 5.45239
1674 5.456
1675 5.45986
1676 5.46346
1677 5.46702
1678 5.4709
1679 5.47455
1680 5.47857
1681 5.48235
1682 5.48617
1683 5.48968
1684 5.49326
1685 5.4971
1686 5.50083
1687 5.50433
1688 5.50794
1689 5.51179
1690 5.51551
1691 5.51912
1692 5.52294
1693 5.52669
1694 5.53041
1695 5.53382
1696 5.53767
1697 5.54122
1698 5.5452
1699 5.54895
1700 5.5526
1701 5.55647
1702 5.55993
1703 5.56375
1704 5.56752
1705 5.57162
1706 5.57546
1707 5.57915
1708 5.58305
1709 5.5866
1710 5.59027
1711 5.59397
1712 5.59778
1713 5.60148
1714 5.60536
1715 5.60894
1716 5.61273
1717 5.61662
1718 5.62032
1719 5.6242
1720 5.62798
1721 5.63177
1722 5.63535
1723 5.63924
1724 5.64287
1725 5.64677
1726 5.65047
1727 5.6542
1728 5.65809
1729 5.66149
1730 5.66491
1731 5.66869
1732 5.6724
1733 5.67648
1734 5.6801
1735 5.68357
1736 5.68718
1737 5.691
1738 5.69466
1739 5.69832
1740 5.70189
1741 5.70573
1742 5.70922
1743 5.71293
1744 5.71661
1745 5.72034
1746 5.72437
1747 5.72783
1748 5.7313
1749 5.73487
1750 5.73852
1751 5.7422
1752 5.74591
1753 5.7494
1754 5.75311
1755 5.75672
1756 5.76006
1757 5.76368
1758 5.76726
1759 5.77099
1760 5.77485
1761 5.77846
1762 5.78199
1763 5.78568
1764 5.78922
1765 5.79281
1766 5.79663
1767 5.80034
1768 5.804
1769 5.8079
1770 5.81165
1771 5.81529
1772 5.81869
1773 5.82251
1774 5.82627
1775 5.82972
1776 5.83351
1777 5.83704
1778 5.84088
1779 5.84451
1780 5.84814
1781 5.85214
1782 5.85568
1783 5.85939
1784 5.86329
1785 5.86717
1786 5.8708
1787 5.87462
1788 5.87823
1789 5.88198
1790 5.88558
1791 5.88923
1792 5.89262
1793 5.89608
1794 5.89974
1795 5.90338
1796 5.9072
1797 5.91076
1798 5.91427
1799 5.91788
1800 5.9214
1801 5.92534
1802 5.92913
1803 5.93289
1804 5.93635
1805 5.93991
1806 5.94358
1807 5.94722
1808 5.95113
1809 5.95479
1810 5.95844
1811 5.96207
1812 5.96587
1813 5.96971
1814 5.97355
1815 5.97717
1816 5.9805
1817 5.98417
1818 5.98796
1819 5.99117
1820 5.99465
1821 5.99817
1822 6.00189
1823 6.00557
1824 6.00912
1825 6.01234
1826 6.016
1827 6.01977
1828 6.02355
1829 6.02703
1830 6.03084
1831 6.03457
1832 6.03834
1833 6.04185
1834 6.04533
1835 6.0491
1836 6.05262
1837 6.05615
1838 6.05964
1839 6.06335
1840 6.06703
1841 6.07064
1842 6.07403
1843 6.07767
1844 6.08118
1845 6.08472
1846 6.08843
1847 6.09216
1848 6.09583
1849 6.09945
1850 6.10299
1851 6.10696
1852 6.11048
1853 6.114
1854 6.11768
1855 6.12144
1856 6.12487
1857 6.12854
1858 6.13205
1859 6.13565
1860 6.1393
1861 6.14286
1862 6.14636
1863 6.15023
1864 6.15404
1865 6.15756
1866 6.16127
1867 6.16494
1868 6.1685
1869 6.17227
1870 6.1759
1871 6.17951
1872 6.183
1873 6.18655
1874 6.19018
1875 6.19379
1876 6.19779
1877 6.20166
1878 6.20521
1879 6.20862
1880 6.2123
1881 6.21602
1882 6.21946
1883 6.22305
1884 6.22667
1885 6.23041
1886 6.23403
1887 6.23761
1888 6.24119
1889 6.24488
1890 6.24872
1891 6.25237
1892 6.25605
1893 6.2597
1894 6.26306
1895 6.26684
1896 6.27044
1897 6.27452
1898 6.27819
1899 6.28178
1900 6.28545
1901 6.28897
1902 6.29276
1903 6.29638
1904 6.30002
1905 6.3035
1906 6.30765
1907 6.3111
1908 6.3148
1909 6.31886
1910 6.32262
1911 6.32628
1912 6.33005
1913 6.3337
1914 6.33719
1915 6.3406
1916 6.3447
1917 6.34827
1918 6.35184
1919 6.35558
1920 6.35918
1921 6.36304
1922 6.36702
1923 6.37077
1924 6.37447
1925 6.37815
1926 6.38186
1927 6.38561
1928 6.3896
1929 6.39327
1930 6.397
1931 6.40051
1932 6.40446
1933 6.40824
1934 6.41171
1935 6.41544
1936 6.41901
1937 6.42272
1938 6.42622
1939 6.43008
1940 6.43366
1941 6.43723
1942 6.44096
1943 6.44475
1944 6.44848
1945 6.4524
1946 6.45608
1947 6.45968
1948 6.46319
1949 6.46701
1950 6.47051
1951 6.47431
1952 6.47825
1953 6.48178
1954 6.48529
1955 6.48927
1956 6.49311
1957 6.4967
1958 6.50021
1959 6.50378
1960 6.50757
1961 6.51116
1962 6.5147
1963 6.51872
1964 6.52236
1965 6.52623
1966 6.52992
1967 6.53331
1968 6.53719
1969 6.54072
1970 6.54447
1971 6.54806
1972 6.55171
1973 6.55555
1974 6.55929
1975 6.56269
1976 6.56636
1977 6.57009
1978 6.57359
1979 6.57731
1980 6.58147
1981 6.58495
1982 6.5887
1983 6.59282
1984 6.59658
1985 6.60012
1986 6.60351
1987 6.6074
1988 6.61111
1989 6.6148
1990 6.61841
1991 6.62206
1992 6.62586
1993 6.62955
1994 6.63325
1995 6.63698
1996 6.64104
1997 6.64447
1998 6.648
1999 6.65165
2000 6.65521
2001 6.65891
2002 6.66255
2003 6.66601
2004 6.66988
2005 6.67363
2006 6.67749
2007 6.68094
2008 6.6846
2009 6.6882
2010 6.69179
2011 6.69557
2012 6.69943
2013 6.703
2014 6.70669
2015 6.7105
2016 6.71391
2017 6.71741
2018 6.72119
2019 6.72485
2020 6.72829
2021 6.73198
2022 6.73542
2023 6.73903
2024 6.74262
2025 6.74631
2026 6.74985
2027 6.75361
2028 6.75746
2029 6.76092
2030 6.76465
2031 6.76828
2032 6.7721
2033 6.77574
2034 6.77915
2035 6.78325
2036 6.7869
2037 6.79057
2038 6.79402
2039 6.79761
2040 6.80091
2041 6.80436
2042 6.80799
2043 6.81197
2044 6.81553
2045 6.81951
2046 6.82312
2047 6.82631
2048 6.82965
2049 6.83306
2050 6.83667
2051 6.84081
2052 6.8445
2053 6.84829
2054 6.85215
2055 6.85564
2056 6.85904
2057 6.86272
2058 6.86629
2059 6.86998
2060 6.87378
2061 6.8773
2062 6.8809
2063 6.88453
2064 6.88821
2065 6.89188
2066 6.89557
2067 6.8993
2068 6.903
2069 6.90668
2070 6.91009
2071 6.91351
2072 6.91707
2073 6.92068
2074 6.92456
2075 6.92813
2076 6.93171
2077 6.93542
2078 6.93923
2079 6.94314
2080 6.94674
2081 6.9503
2082 6.95403
2083 6.95752
2084 6.96113
2085 6.96473
2086 6.96848
2087 6.97223
2088 6.97584
2089 6.97947
2090 6.98295
2091 6.9866
2092 6.99027
2093 6.99385
2094 6.99747
2095 7.00124
2096 7.00494
2097 7.00823
2098 7.01185
2099 7.01537
2100 7.01905
2101 7.02278
2102 7.02638
2103 7.03007
2104 7.03362
2105 7.03721
2106 7.04111
2107 7.04487
2108 7.0484
2109 7.05199
2110 7.05546
2111 7.05944
2112 7.06308
2113 7.06685
2114 7.07055
2115 7.07403
2116 7.07771
2117 7.08125
2118 7.08508
2119 7.08871
2120 7.09246
2121 7.09618
2122 7.09987
2123 7.10325
2124 7.10694
2125 7.11072
2126 7.11435
2127 7.11765
2128 7.12147
2129 7.12531
2130 7.12879
2131 7.13238
2132 7.13604
2133 7.13958
2134 7.14332
2135 7.14695
2136 7.15045
2137 7.15403
2138 7.15768
2139 7.16148
2140 7.16566
2141 7.16919
2142 7.17254
2143 7.17646
2144 7.18024
2145 7.18371
2146 7.18736
2147 7.19096
2148 7.1948
2149 7.1981
2150 7.2018
2151 7.20541
2152 7.20913
2153 7.21293
2154 7.21662
2155 7.22009
2156 7.22388
2157 7.22783
2158 7.23137
2159 7.23497
2160 7.23876
2161 7.24232
2162 7.24579
2163 7.2492
2164 7.25294
2165 7.2565
2166 7.26017
2167 7.26392
2168 7.26759
2169 7.27141
2170 7.27511
2171 7.27884
2172 7.28253
2173 7.28584
2174 7.28952
2175 7.29307
2176 7.29627
2177 7.30026
2178 7.30401
2179 7.30787
2180 7.31138
2181 7.31529
2182 7.31887
2183 7.32257
2184 7.32629
2185 7.32989
2186 7.33346
2187 7.3374
2188 7.34111
2189 7.34469
2190 7.34828
2191 7.35223
2192 7.35588
2193 7.3594
2194 7.36317
2195 7.36699
2196 7.37038
2197 7.37391
2198 7.37752
2199 7.38115
2200 7.3847
2201 7.38832
2202 7.39178
2203 7.39554
2204 7.39949
2205 7.40298
2206 7.40649
2207 7.4101
2208 7.41412
2209 7.41764
2210 7.42147
2211 7.42516
2212 7.42894
2213 7.43274
2214 7.43637
2215 7.44
2216 7.44354
2217 7.44698
2218 7.45084
2219 7.45445
2220 7.45828
2221 7.46223
2222 7.46594
2223 7.46957
2224 7.47314
2225 7.47672
2226 7.48018
2227 7.4839
2228 7.48759
2229 7.49117
2230 7.49487
2231 7.4986
2232 7.50234
2233 7.50621
2234 7.50979
2235 7.51342
2236 7.51709
2237 7.52083
2238 7.52442
2239 7.52814
2240 7.53174
2241 7.53552
2242 7.53916
2243 7.54275
2244 7.54636
2245 7.55034
2246 7.55393
2247 7.55759
2248 7.56093
2249 7.56466
2250 7.56804
2251 7.57172
2252 7.57521
2253 7.57884
2254 7.58264
2255 7.58639
2256 7.59002
2257 7.5939
2258 7.59768
2259 7.60115
2260 7.60476
2261 7.60817
2262 7.61215
2263 7.61554
2264 7.61906
2265 7.62256
2266 7.62624
2267 7.63013
2268 7.63369
2269 7.63736
2270 7.64118
2271 7.64472
2272 7.6483
2273 7.65196
2274 7.65565
2275 7.65946
2276 7.66305
2277 7.66699
2278 7.67071
2279 7.67416
2280 7.67775
2281 7.68152
2282 7.6851
2283 7.68885
2284 7.6924
2285 7.69599
2286 7.69956
2287 7.70333
2288 7.70696
2289 7.71046
2290 7.71409
2291 7.71766
2292 7.72118
2293 7.72482
2294 7.72859
2295 7.73241
2296 7.73608
2297 7.73998
2298 7.74351
2299 7.74719
2300 7.75067
2301 7.7543
2302 7.75787
2303 7.76136
2304 7.76468
2305 7.76803
2306 7.77167
2307 7.77502
2308 7.77866
2309 7.78272
2310 7.7863
2311 7.78991
2312 7.79351
2313 7.79762
2314 7.80129
2315 7.80486
2316 7.80861
2317 7.81219
2318 7.81576
2319 7.81956
2320 7.82324
2321 7.82719
2322 7.83076
2323 7.83419
2324 7.83806
2325 7.84158
2326 7.84527
2327 7.84892
2328 7.85282
2329 7.85632
2330 7.86011
2331 7.86359
2332 7.86719
2333 7.87115
2334 7.87458
2335 7.87824
2336 7.88184
2337 7.88565
2338 7.8893
2339 7.89318
2340 7.89673
2341 7.90054
2342 7.90402
2343 7.9074
2344 7.91123
2345 7.91489
2346 7.91846
2347 7.92234
2348 7.92583
2349 7.9294
2350 7.93314
2351 7.93665
2352 7.9406
2353 7.94425
2354 7.94764
2355 7.95114
2356 7.95462
2357 7.95853
2358 7.96209
2359 7.96595
2360 7.96939
2361 7.97335
2362 7.97691
2363 7.98033
2364 7.98395
2365 7.98788
2366 7.99114
2367 7.99477
2368 7.99804
2369 8.00148
2370 8.00501
2371 8.00869
2372 8.0123
2373 8.01574
2374 8.01958
2375 8.02315
2376 8.02673
2377 8.03041
2378 8.03414
2379 8.03782
2380 8.04118
2381 8.04494
2382 8.04881
2383 8.05261
2384 8.05623
2385 8.05974
2386 8.0632
2387 8.06696
2388 8.07031
2389 8.07415
2390 8.07762
2391 8.08116
2392 8.08477
2393 8.08848
2394 8.09188
2395 8.0957
2396 8.09925
2397 8.103
2398 8.10656
2399 8.11006
2400 8.11376
2401 8.11736
2402 8.12115
2403 8.12453
2404 8.12834
2405 8.13199
2406 8.13569
2407 8.13943
2408 8.14304
2409 8.14656
2410 8.15023
2411 8.15405
2412 8.1576
2413 8.16117
2414 8.16488
2415 8.16822
2416 8.17182
2417 8.17544
2418 8.17893
2419 8.18254
2420 8.18617
2421 8.18945
2422 8.19286
2423 8.19665
2424 8.20039
2425 8.20425
2426 8.20786
2427 8.21147
2428 8.21507
2429 8.21877
2430 8.22242
2431 8.22611
2432 8.22959
2433 8.23327
2434 8.23683
2435 8.24044
2436 8.24387
2437 8.24742
2438 8.25097
2439 8.25457
2440 8.25802
2441 8.26184
2442 8.26529
2443 8.26903
2444 8.2728
2445 8.27608
2446 8.27983
2447 8.28359
2448 8.28692
2449 8.29049
2450 8.29441
2451 8.29804
2452 8.30186
2453 8.30569
2454 8.30916
2455 8.31269
2456 8.3164
2457 8.32006
2458 8.3233
2459 8.32684
2460 8.33031
2461 8.33375
2462 8.33735
2463 8.34122
2464 8.34486
2465 8.34868
2466 8.35247
2467 8.35606
2468 8.35993
2469 8.36347
2470 8.36715
2471 8.37065
2472 8.37414
2473 8.37796
2474 8.38146
2475 8.38521
2476 8.38877
2477 8.39236
2478 8.39604
2479 8.39962
2480 8.40338
2481 8.40707
2482 8.41074
2483 8.41464
2484 8.41817
2485 8.42189
2486 8.42568
2487 8.42922
2488 8.43274
2489 8.43642
2490 8.44011
2491 8.44374
2492 8.44717
2493 8.45097
2494 8.4545
2495 8.45814
2496 8.46165
2497 8.46522
2498 8.46883
2499 8.47245
2500 8.47617
2501 8.47984
2502 8.48367
2503 8.48733
2504 8.49078
2505 8.49474
2506 8.49852
2507 8.50228
2508 8.50604
2509 8.50985
2510 8.51356
2511 8.51728
2512 8.5212
2513 8.5251
2514 8.5287
2515 8.53247
2516 8.53575
2517 8.53961
2518 8.54342
2519 8.5472
2520 8.55072
2521 8.55423
2522 8.558
2523 8.56155
2524 8.56527
2525 8.56896
2526 8.57287
2527 8.5764
2528 8.58008
2529 8.58366
2530 8.58745
2531 8.59108
2532 8.59475
2533 8.59852
2534 8.60199
2535 8.60582
2536 8.60945
2537 8.61332
2538 8.61675
2539 8.6202
2540 8.62368
2541 8.62746
2542 8.63122
2543 8.63495
2544 8.63876
2545 8.64243
2546 8.64622
2547 8.65006
2548 8.65362
2549 8.65742
2550 8.66095
2551 8.66494
2552 8.66863
2553 8.67201
2554 8.67569
2555 8.67908
2556 8.68259
2557 8.68619
2558 8.68947
2559 8.69309
2560 8.69646
2561 8.70012
2562 8.70377
2563 8.70759
2564 8.71127
2565 8.71494
2566 8.71855
2567 8.72209
2568 8.72582
2569 8.72929
2570 8.73308
2571 8.73667
2572 8.74039
2573 8.74364
2574 8.74736
2575 8.75111
2576 8.75465
2577 8.75817
2578 8.76167
2579 8.76529
2580 8.76876
2581 8.77273
2582 8.77659
2583 8.77998
2584 8.78371
2585 8.78696
2586 8.79088
2587 8.79457
2588 8.79808
2589 8.80194
2590 8.80574
2591 8.80946
2592 8.81315
2593 8.81694
2594 8.82049
2595 8.8241
2596 8.82765
2597 8.83149
2598 8.8354
2599 8.83922
2600 8.84266
2601 8.84641
2602 8.84986
2603 8.85343
2604 8.85692
2605 8.86048
2606 8.86445
2607 8.86802
2608 8.87148
2609 8.87503
2610 8.87889
2611 8.88265
2612 8.88637
2613 8.8902
2614 8.89373
2615 8.89723
2616 8.90089
2617 8.90448
2618 8.90809
2619 8.91176
2620 8.91561
2621 8.91897
2622 8.92256
2623 8.92596
2624 8.92989
2625 8.9336
2626 8.93699
2627 8.94059
2628 8.94406
2629 8.94763
2630 8.95144
2631 8.95508
2632 8.95868
2633 8.9622
2634 8.96607
2635 8.96965
2636 8.97316
2637 8.97676
2638 8.98022
2639 8.984
2640 8.98741
2641 8.99107
2642 8.9946
2643 8.99804
2644 9.00167
2645 9.00531
2646 9.00874
2647 9.01236
2648 9.0156
2649 9.01937
2650 9.02305
2651 9.02652
2652 9.0303
2653 9.03388
2654 9.0374
2655 9.04103
2656 9.04468
2657 9.04844
2658 9.05223
2659 9.05549
2660 9.05916
2661 9.06311
2662 9.06668
2663 9.07021
2664 9.074
2665 9.07745
2666 9.08116
2667 9.08473
2668 9.08841
2669 9.09195
2670 9.09521
2671 9.09895
2672 9.1025
2673 9.1065
2674 9.11024
2675 9.11394
2676 9.11749
2677 9.12115
2678 9.12491
2679 9.12851
2680 9.13226
2681 9.13581
2682 9.13911
2683 9.14271
2684 9.14631
2685 9.1499
2686 9.15331
2687 9.15704
2688 9.16071
2689 9.16429
2690 9.16816
2691 9.17173
2692 9.17548
2693 9.17922
2694 9.18286
2695 9.18661
2696 9.19006
2697 9.19355
2698 9.19709
2699 9.20083
2700 9.2046
2701 9.20836
2702 9.21185
2703 9.21523
2704 9.21865
2705 9.22234
2706 9.22588
2707 9.22966
2708 9.23344
2709 9.2371
2710 9.24043
2711 9.24394
2712 9.2477
2713 9.25119
2714 9.25519
2715 9.25848
2716 9.26176
2717 9.26528
2718 9.26914
2719 9.27273
2720 9.27647
2721 9.27989
2722 9.28345
2723 9.28719
2724 9.29074
2725 9.29435
2726 9.29796
2727 9.30159
2728 9.30542
2729 9.30896
2730 9.31255
2731 9.31598
2732 9.31965
2733 9.32299
2734 9.32661
2735 9.33031
2736 9.33379
2737 9.3375
2738 9.34118
2739 9.34465
2740 9.34821
2741 9.35181
2742 9.35527
2743 9.35898
2744 9.36271
2745 9.36627
2746 9.37013
2747 9.37351
2748 9.37714
2749 9.38056
2750 9.38408
2751 9.3876
2752 9.39115
2753 9.39469
2754 9.39818
2755 9.40177
2756 9.40541
2757 9.409
2758 9.41278
2759 9.41662
2760 9.42013
2761 9.42382
2762 9.4274
2763 9.43108
2764 9.4343
2765 9.438
2766 9.44132
2767 9.44493
2768 9.4486
2769 9.45222
2770 9.45573
2771 9.45951
2772 9.46338
2773 9.46715
2774 9.47033
2775 9.47368
2776 9.47716
2777 9.48094
2778 9.48486
2779 9.48826
2780 9.49183
2781 9.49565
2782 9.49927
2783 9.50269
2784 9.50614
2785 9.50981
2786 9.51349
2787 9.51695
2788 9.52052
2789 9.52413
2790 9.52761
2791 9.53102
2792 9.53462
2793 9.53805
2794 9.54163
2795 9.54511
2796 9.54841
2797 9.55178
2798 9.55532
2799 9.55884
2800 9.56213
2801 9.56538
2802 9.56882
2803 9.57234
2804 9.57577
2805 9.57925
2806 9.58286
2807 9.58628
2808 9.58948
2809 9.59291
2810 9.5961
2811 9.59957
2812 9.60281
2813 9.60622
2814 9.60953
2815 9.61319
2816 9.61676
2817 9.61989
2818 9.62332
2819 9.62667
2820 9.63011
2821 9.63354
2822 9.63687
2823 9.64011
2824 9.64341
2825 9.64694
2826 9.65012
2827 9.65339
2828 9.65661
2829 9.65985
2830 9.66278
2831 9.66606
2832 9.66887
2833 9.67198
2834 9.6752
2835 9.67818
2836 9.68115
2837 9.68445
2838 9.6874
2839 9.69049
2840 9.69363
2841 9.69663
2842 9.69993
2843 9.70308
2844 9.70645
2845 9.70948
2846 9.71244
2847 9.71534
2848 9.71829
2849 9.72093
2850 9.7237
2851 9.72671
2852 9.72991
2853 9.73292
2854 9.73584
2855 9.7389
2856 9.74163
2857 9.74458
2858 9.74747
2859 9.75032
2860 9.75339
2861 9.7561
2862 9.75884
2863 9.76156
2864 9.76429
2865 9.76702
2866 9.76965
2867 9.77221
2868 9.77466
2869 9.77725
2870 9.77972
2871 9.78242
2872 9.78491
2873 9.78742
2874 9.78963
2875 9.79227
2876 9.79485
2877 9.79728
2878 9.79991
2879 9.80246
2880 9.80499
2881 9.80743
2882 9.80987
2883 9.81216
2884 9.81472
2885 9.81718
2886 9.81937
2887 9.82163
2888 9.82408
2889 9.8263
2890 9.82849
2891 9.83086
2892 9.83324
2893 9.83571
2894 9.83779
2895 9.83968
2896 9.84155
2897 9.84359
2898 9.84541
2899 9.84724
2900 9.84931
2901 9.85149
2902 9.85346
2903 9.85537
2904 9.85745
2905 9.85941
2906 9.86152
2907 9.86342
2908 9.86527
2909 9.86738
2910 9.86941
2911 9.87132
2912 9.87311
2913 9.8749
2914 9.87671
2915 9.87822
2916 9.88022
2917 9.88214
2918 9.88379
2919 9.88554
2920 9.88723
2921 9.88889
2922 9.89067
2923 9.89241
2924 9.89392
2925 9.89555
2926 9.89716
2927 9.89886
2928 9.90056
2929 9.90231
2930 9.90382
2931 9.90511
2932 9.90641
2933 9.90793
2934 9.90948
2935 9.91101
2936 9.91246
2937 9.91392
2938 9.91532
2939 9.91681
2940 9.91825
2941 9.91944
2942 9.92083
2943 9.92209
2944 9.92343
2945 9.92492
2946 9.92614
2947 9.92736
2948 9.92856
2949 9.92979
2950 9.93101
2951 9.93216
2952 9.93315
2953 9.93438
2954 9.93545
2955 9.93658
2956 9.93787
2957 9.93893
2958 9.94013
2959 9.94111
2960 9.94233
2961 9.94322
2962 9.94433
2963 9.94523
2964 9.94623
2965 9.94726
2966 9.94825
2967 9.94933
2968 9.95013
2969 9.95121
2970 9.95224
2971 9.95316
2972 9.95409
2973 9.955
2974 9.95601
2975 9.95696
2976 9.95779
2977 9.95868
2978 9.95953
2979 9.96045
2980 9.96137
2981 9.96216
2982 9.96304
2983 9.96362
2984 9.96439
2985 9.96522
2986 9.96592
2987 9.9666
2988 9.96736
2989 9.96809
2990 9.96879
2991 9.96951
2992 9.97021
2993 9.97103
2994 9.97172
2995 9.97231
2996 9.97292
2997 9.97344
2998 9.97404
2999 9.97467
3000 9.97521
3001 9.97591
3002 9.97658
3003 9.97705
3004 9.97758
3005 9.97807
3006 9.97863
3007 9.97912
3008 9.97969
3009 9.98019
3010 9.98075
3011 9.98125
3012 9.98173
3013 9.98235
3014 9.98284
3015 9.98332
3016 9.98377
3017 9.98425
3018 9.98473
3019 9.98528
3020 9.98571
3021 9.98615
3022 9.98665
3023 9.987
3024 9.98748
3025 9.98795
3026 9.98835
3027 9.98872
3028 9.98912
3029 9.98944
3030 9.98979
3031 9.99027
3032 9.99063
3033 9.99095
3034 9.9913
3035 9.99163
3036 9.99188
3037 9.99219
3038 9.99252
3039 9.99283
3040 9.99312
3041 9.99345
3042 9.99381
3043 9.99411
3044 9.9944
3045 9.99472
3046 9.99489
3047 9.99512
3048 9.99549
3049 9.99578
3050 9.99612
3051 9.99644
3052 9.99667
3053 9.99691
3054 9.99716
3055 9.99744
3056 9.99775
3057 9.99797
3058 9.99822
3059 9.99845
3060 9.99867
3061 9.99893
3062 9.99914
3063 9.99938
3064 9.9997
3065 9.99998
3066 10
3067 10
3068 10
3069 10
3070 10
3071 10
3072 10
3073 10
3074 10
3075 10
3076 10
3077 10
3078 10
3079 10
3080 10
3081 10
3082 10
3083 10
3084 10
3085 10
3086 10
3087 10
3088 10
3089 10
3090 10
3091 10
3092 10
3093 10
3094 10
3095 10
3096 10
3097 10
3098 10
3099 10
3100 10
3101 10
3102 10
3103 10
3104 10
3105 10
3106 10
3107 10
3108 10
3109 10
3110 10
3111 10
3112 10
3113 10
3114 10
3115 10
3116 10
3117 10
3118 10
3119 10
3120 10
3121 10
3122 10
3123 10
3124 10
3125 10
3126 10
3127 10
3128 10
3129 10
3130 10
3131 10
3132 10
3133 10
3134 10
3135 10
3136 10
3137 10
3138 10
3139 10
3140 10
3141 10
3142 10
3143 10
3144 10
3145 10
3146 10
3147 10
3148 10
3149 10
3150 10
3151 10
3152 10
3153 10
3154 10
3155 10
3156 10
3157 10
3158 10
3159 10
3160 10
3161 10
3162 10
3163 10
3164 10
3165 10
3166 10
3167 10
3168 10
3169 10
3170 10
3171 10
3172 10
3173 10
3174 10
3175 10
3176 10
3177 10
3178 10
3179 10
3180 10
3181 10
3182 10
3183 10
3184 10
3185 10
3186 10
3187 10
3188 10
3189 10
3190 10
3191 10
3192 10
3193 10
3194 10
3195 10
3196 10
3197 10
3198 10
3199 10
3200 10
3201 10
3202 10
3203 10
3204 10
3205 10
3206 10
3207 10
3208 10
3209 10
3210 10
3211 10
3212 10
3213 10
3214 10
3215 10
3216 10
3217 10
3218 10
3219 10
3220 10
3221 10
3222 10
3223 10
3224 10
3225 10
3226 10
3227 10
3228 10
3229 10
3230 10
3231 10
3232 10
3233 10
3234 10
3235 10
3236 10
3237 10
3238 10
3239 10
3240 10
3241 10
3242 10
3243 10
3244 10
3245 10
3246 10
3247 10
3248 10
3249 10
3250 10
3251 10
3252 10
3253 10
3254 10
3255 10
3256 10
3257 10
3258 10
3259 10
3260 10
3261 10
3262 10
3263 10
3264 10
3265 10
3266 10
3267 10
3268 10
3269 10
3270 10
3271 10
3272 10
3273 10
3274 10
3275 10
3276 10
3277 10
3278 10
3279 10
3280 10
3281 10
3282 10
3283 10
3284 10
3285 10
3286 10
3287 10
3288 10
3289 10
3290 10
3291 10
3292 10
3293 10
3294 10
3295 10
3296 10
3297 10
3298 10
3299 10
3300 10
3301 10
3302 10
3303 10
3304 10
3305 10
3306 10
3307 10
3308 10
3309 10
3310 10
3311 10
3312 10
3313 10
3314 10
3315 10
3316 10
3317 10
3318 10
3319 10
3320 10
3321 10
3322 10
3323 10
3324 10
3325 10
3326 10
3327 10
3328 10
3329 10
3330 10
3331 10
3332 10
3333 10
3334 10
3335 10
3336 10
3337 10
3338 10
3339 10
3340 10
3341 10
3342 10
3343 10
3344 10
3345 10
3346 10
3347 10
3348 10
3349 10
3350 10
3351 10
3352 10
3353 10
3354 10
3355 10
3356 10
3357 10
3358 10
3359 10
3360 10
3361 10
3362 10
3363 10
3364 10
3365 10
3366 10
3367 10
3368 10
3369 10
3370 10
3371 10
3372 10
3373 10
3374 10
3375 10
3376 10
3377 10
3378 10
3379 10
3380 10
3381 10
3382 10
3383 10
3384 10
3385 10
3386 10
3387 10
3388 10
3389 10
3390 10
3391 10
3392 10
3393 10
3394 10
3395 10
3396 10
3397 10
3398 10
3399 10
3400 10
3401 10
3402 10
3403 10
3404 10
3405 10
3406 10
3407 10
3408 10
3409 10
3410 10
3411 10
3412 10
3413 10
3414 10
3415 10
3416 10
3417 10
3418 10
3419 10
3420 10
3421 10
3422 10
3423 10
3424 10
3425 10
3426 10
3427 10
3428 10
3429 10
3430 10
3431 10
3432 10
3433 10
3434 10
3435 10
3436 10
3437 10
3438 10
3439 10
3440 10
3441 10
3442 10
3443 10
3444 10
3445 10
3446 10
3447 10
3448 10
3449 10
3450 10
3451 10
3452 10
3453 10
3454 10
3455 10
3456 10
3457 10
3458 10
3459 10
3460 10
3461 10
3462 10
3463 10
3464 10
3465 10
3466 10
3467 10
3468 10
3469 10
3470 10
3471 10
3472 10
3473 10
3474 10
3475 10
3476 10
3477 10
3478 10
3479 10
3480 10
3481 10
3482 10
3483 10
3484 10
3485 10
3486 10
3487 10
3488 10
3489 10
3490 10
3491 10
3492 10
3493 10
3494 10
3495 10
3496 10
3497 10
3498 10
3499 10
3500 10
3501 10
3502 10
3503 10
3504 10
3505 10
3506 10
3507 10
3508 10
3509 10
3510 10
3511 10
3512 10
3513 10
3514 10
3515 10
3516 10
3517 10
3518 10
3519 10
3520 10
3521 10
3522 10
3523 10
3524 10
3525 10
3526 10
3527 10
3528 10
3529 10
3530 10
3531 10
3532 10
3533 10
3534 10
3535 10
3536 10
3537 10
3538 10
3539 10
3540 10
3541 10
3542 10
3543 10
3544 10
3545 10
3546 10
3547 10
3548 10
3549 10
3550 10
3551 10
3552 10
3553 10
3554 10
3555 10
3556 10
3557 10
3558 10
3559 10
3560 10
3561 10
3562 10
3563 10
3564 10
3565 10
3566 10
3567 10
3568 10
3569 10
3570 10
3571 10
3572 10
3573 10
3574 10
3575 10
3576 10
3577 10
3578 10
3579 10
3580 10
3581 10
3582 10
3583 10
3584 10
3585 10
3586 10
3587 10
3588 10
3589 10
3590 10
3591 10
3592 10
3593 10
3594 10
3595 10
3596 10
3597 10
3598 10
3599 10
3600 10
3601 10
3602 10
3603 10
3604 10
3605 10
3606 10
3607 10
3608 10
3609 10
3610 10
3611 10
3612 10
3613 10
3614 10
3615 10
3616 10
3617 10
3618 10
3619 10
3620 10
3621 10
3622 10
3623 10
3624 10
3625 10
3626 10
3627 10
3628 10
3629 10
3630 10
3631 10
3632 10
3633 10
3634 10
3635 10
3636 10
3637 10
3638 10
3639 10
3640 10
3641 10
3642 10
3643 10
3644 10
3645 10
3646 10
3647 10
3648 10
3649 10
3650 10
3651 10
3652 10
3653 10
3654 10
3655 10
3656 10
3657 10
3658 10
3659 10
3660 10
3661 10
3662 10
3663 10
3664 10
3665 10
3666 10
3667 10
3668 10
3669 10
3670 10
3671 10
3672 10
3673 10
3674 10
3675 10
3676 10
3677 10
3678 10
3679 10
3680 10
3681 10
3682 10
3683 10
3684 10
3685 10
3686 10
3687 10
3688 10
3689 10
3690 10
3691 10
3692 10
3693 10
3694 10
3695 10
3696 10
3697 10
3698 10
3699 10
3700 10
3701 10
3702 10
3703 10
3704 10
3705 10
3706 10
3707 10
3708 10
3709 10
3710 10
3711 10
3712 10
3713 10
3714 10
3715 10
3716 10
3717 10
3718 10
3719 10
3720 10
3721 10
3722 10
3723 10
3724 10
3725 10
3726 10
3727 10
3728 10
3729 10
3730 10
3731 10
3732 10
3733 10
3734 10
3735 10
3736 10
3737 10
3738 10
3739 10
3740 10
3741 10
3742 10
3743 10
3744 10
3745 10
3746 10
3747 10
3748 10
3749 10
3750 10
3751 10
3752 10
3753 10
3754 10
3755 10
3756 10
3757 10
3758 10
3759 10
3760 10
3761 10
3762 10
3763 10
3764 10
3765 10
3766 10
3767 10
3768 10
3769 10
3770 10
3771 10
3772 10
3773 10
3774 10
3775 10
3776 10
3777 10
3778 10
3779 10
3780 10
3781 10
3782 10
3783 10
3784 10
3785 10
3786 10
3787 10
3788 10
3789 10
3790 10
3791 10
3792 10
3793 10
3794 10
3795 10
3796 10
3797 10
3798 10
3799 10
3800 10
3801 10
3802 10
3803 10
3804 10
3805 10
3806 10
3807 10
3808 10
3809 10
3810 10
3811 10
3812 10
3813 10
3814 10
3815 10
3816 10
3817 10
3818 10
3819 10
3820 10
3821 10
3822 10
3823 10
3824 10
3825 10
3826 10
3827 10
3828 10
3829 10
3830 10
3831 10
3832 10
3833 10
3834 10
3835 10
3836 10
3837 10
3838 10
3839 10
3840 10
3841 10
3842 10
3843 10
3844 10
3845 10
3846 10
3847 10
3848 10
3849 10
3850 10
3851 10
3852 10
3853 10
3854 10
3855 10
3856 10
3857 10
3858 10
3859 10
3860 10
3861 10
3862 10
3863 10
3864 10
3865 10
3866 10
3867 10
3868 10
3869 10
3870 10
3871 10
3872 10
3873 10
3874 10
3875 10
3876 10
3877 10
3878 10
3879 10
3880 10
3881 10
3882 10
3883 10
3884 10
3885 10
3886 10
3887 10
3888 10
3889 10
3890 10
3891 10
3892 10
3893 10
3894 10
3895 10
3896 10
3897 10
3898 10
3899 10
3900 10
3901 10
3902 10
3903 10
3904 10
3905 10
3906 10
3907 10
3908 10
3909 10
3910 10
3911 10
3912 10
3913 10
3914 10
3915 10
3916 10
3917 10
3918 10
3919 10
3920 10
3921 10
3922 10
3923 10
3924 10
3925 10
3926 10
3927 10
3928 10
3929 10
3930 10
3931 10
3932 10
3933 10
3934 10
3935 10
3936 10
3937 10
3938 10
3939 10
3940 10
3941 10
3942 10
3943 10
3944 10
3945 10
3946 10
3947 10
3948 10
3949 10
3950 10
3951 10
3952 10
3953 10
3954 10
3955 10
3956 10
3957 10
3958 10
3959 10
3960 10
3961 10
3962 10
3963 10
3964 10
3965 10
3966 10
3967 10
3968 10
3969 10
3970 10
3971 10
3972 10
3973 10
3974 10
3975 10
3976 10
3977 10
3978 10
3979 10
3980 10
3981 10
3982 10
3983 10
3984 10
3985 10
3986 10
3987 10
3988 10
3989 10
3990 10
3991 10
3992 10
3993 10
3994 10
3995 10
3996 10
3997 10
3998 10
3999 10
4000 10
4001 10
4002 10
4003 10
4004 10
4005 10
4006 10
4007 10
4008 10
4009 10
4010 10
4011 10
4012 10
4013 10
4014 10
4015 10
4016 10
4017 10
4018 10
4019 10
4020 10
4021 10
4022 10
4023 10
4024 10
4025 10
4026 10
4027 10
4028 10
4029 10
4030 10
4031 10
4032 10
4033 10
4034 10
4035 10
4036 10
4037 10
4038 10
4039 10
4040 10
4041 10
4042 10
4043 10
4044 10
4045 10
4046 10
4047 10
4048 10
4049 10
4050 10
4051 10
4052 10
4053 10
4054 10
4055 10
4056 10
4057 10
4058 10
4059 10
4060 10
4061 10
4062 10
4063 10
4064 10
4065 10
4066 10
4067 10
4068 10
4069 10
4070 10
4071 10
4072 10
4073 10
4074 10
4075 10
4076 10
4077 10
4078 10
4079 10
4080 10
4081 10
4082 10
4083 10
4084 10
4085 10
4086 10
4087 10
4088 10
4089 10
4090 10
4091 10
4092 10
4093 10
4094 10
4095 10
4096 10
4097 10
4098 10
4099 10
4100 10
4101 10
4102 10
4103 10
4104 10
4105 10
4106 10
4107 10
4108 10
4109 10
4110 10
4111 10
4112 10
4113 10
4114 10
4115 10
4116 10
4117 10
4118 10
4119 10
4120 10
4121 10
4122 10
4123 10
4124 10
4125 10
4126 10
4127 10
4128 10
4129 10
4130 10
4131 10
4132 10
4133 10
4134 10
4135 10
4136 10
4137 10
4138 10
4139 10
4140 10
4141 10
4142 10
4143 10
4144 10
4145 10
4146 10
4147 10
4148 10
4149 10
4150 10
4151 10
4152 10
4153 10
4154 10
4155 10
4156 10
4157 10
4158 10
4159 10
4160 10
4161 10
4162 10
4163 10
4164 10
4165 10
4166 10
4167 10
4168 10
4169 10
4170 10
4171 10
4172 10
4173 10
4174 10
4175 10
4176 10
4177 10
4178 10
4179 10
4180 10
4181 10
4182 10
4183 10
4184 10
4185 10
4186 10
4187 10
4188 10
4189 10
4190 10
4191 10
4192 10
4193 10
4194 10
4195 10
4196 10
4197 10
4198 10
4199 10
4200 10
4201 10
4202 10
4203 10
4204 10
4205 10
4206 10
4207 10
4208 10
4209 10
4210 10
4211 10
4212 10
4213 10
4214 10
4215 10
4216 10
4217 10
4218 10
4219 10
4220 10
4221 10
4222 10
4223 10
4224 10
4225 10
4226 10
4227 10
4228 10
4229 10
4230 10
4231 10
4232 10
4233 10
4234 10
4235 10
4236 10
4237 10
4238 10
4239 10
4240 10
4241 10
4242 10
4243 10
4244 10
4245 10
4246 10
4247 10
4248 10
4249 10
4250 10
4251 10
4252 10
4253 10
4254 10
4255 10
4256 10
4257 10
4258 10
4259 10
4260 10
4261 10
4262 10
4263 10
4264 10
4265 10
4266 10
4267 10
4268 10
4269 10
4270 10
4271 10
4272 10
4273 10
4274 10
4275 10
4276 10
4277 10
4278 10
4279 10
4280 10
4281 10
4282 10
4283 10
4284 10
4285 10
4286 10
4287 10
4288 10
4289 10
4290 10
4291 10
4292 10
4293 10
4294 10
4295 10
4296 10
4297 10
4298 10
4299 10
4300 10
4301 10
4302 10
4303 10
4304 10
4305 10
4306 10
4307 10
4308 10
4309 10
4310 10
4311 10
4312 10
4313 10
4314 10
4315 10
4316 10
4317 10
4318 10
4319 10
4320 10
4321 10
4322 10
4323 10
4324 10
4325 10
4326 10
4327 10
4328 10
4329 10
4330 10
4331 10
4332 10
4333 10
4334 10
4335 10
4336 10
4337 10
4338 10
4339 10
4340 10
4341 10
4342 10
4343 10
4344 10
4345 10
4346 10
4347 10
4348 10
4349 10
4350 10
4351 10
4352 10
4353 10
4354 10
4355 10
4356 10
4357 10
4358 10
4359 10
4360 10
4361 10
4362 10
4363 10
4364 10
4365 10
4366 10
4367 10
4368 10
4369 10
4370 10
4371 10
4372 10
4373 10
4374 10
4375 10
4376 10
4377 10
4378 10
4379 10
4380 10
4381 10
4382 10
4383 10
4384 10
4385 10
4386 10
4387 10
4388 10
4389 10
4390 10
4391 10
4392 10
4393 10
4394 10
4395 10
4396 10
4397 10
4398 10
4399 10
4400 10
4401 10
4402 10
4403 10
4404 10
4405 10
4406 10
4407 10
4408 10
4409 10
4410 10
4411 10
4412 10
4413 10
4414 10
4415 10
4416 10
4417 10
4418 10
4419 10
4420 10
4421 10
4422 10
4423 10
4424 10
4425 10
4426 10
4427 10
4428 10
4429 10
4430 10
4431 10
4432 10
4433 10
4434 10
4435 10
4436 10
4437 10
4438 10
4439 10
4440 10
4441 10
4442 10
4443 10
4444 10
4445 10
4446 10
4447 10
4448 10
4449 10
4450 10
4451 10
4452 10
4453 10
4454 10
4455 10
4456 10
4457 10
4458 10
4459 10
4460 10
4461 10
4462 10
4463 10
4464 10
4465 10
4466 10
4467 10
4468 10
4469 10
4470 10
4471 10
4472 10
4473 10
4474 10
4475 10
4476 10
4477 10
4478 10
4479 10
4480 10
4481 10
4482 10
4483 10
4484 10
4485 10
4486 10
4487 10
4488 10
4489 10
4490 10
4491 10
4492 10
4493 10
4494 10
4495 10
4496 10
4497 10
4498 10
4499 10
4500 10
4501 10
4502 10
4503 10
4504 10
4505 10
4506 10
4507 10
4508 10
4509 10
4510 10
4511 10
4512 10
4513 10
4514 10
4515 10
4516 10
4517 10
4518 10
4519 10
4520 10
4521 10
4522 10
4523 10
4524 10
4525 10
4526 10
4527 10
4528 10
4529 10
4530 10
4531 10
4532 10
4533 10
4534 10
4535 10
4536 10
4537 10
4538 10
4539 10
4540 10
4541 10
4542 10
4543 10
4544 10
4545 10
4546 10
4547 10
4548 10
4549 10
4550 10
4551 10
4552 10
4553 10
4554 10
4555 10
4556 10
4557 10
4558 10
4559 10
4560 10
4561 10
4562 10
4563 10
4564 10
4565 10
4566 10
4567 10
4568 10
4569 10
4570 10
4571 10
4572 10
4573 10
4574 10
4575 10
4576 10
4577 10
4578 10
4579 10
4580 10
4581 10
4582 10
4583 10
4584 10
4585 10
4586 10
4587 10
4588 10
4589 10
4590 10
4591 10
4592 10
4593 10
4594 10
4595 10
4596 10
4597 10
4598 10
4599 10
4600 10
4601 10
4602 10
4603 10
4604 10
4605 10
4606 10
4607 10
4608 10
4609 10
4610 10
4611 10
4612 10
4613 10
4614 10
4615 10
4616 10
4617 10
4618 10
4619 10
4620 10
4621 10
4622 10
4623 10
4624 10
4625 10
4626 10
4627 10
4628 10
4629 10
4630 10
4631 10
4632 10
4633 10
4634 10
4635 10
4636 10
4637 10
4638 10
4639 10
4640 10
4641 10
4642 10
4643 10
4644 10
4645 10
4646 10
4647 10
4648 10
4649 10
4650 10
4651 10
4652 10
4653 10
4654 10
4655 10
4656 10
4657 10
4658 10
4659 10
4660 10
4661 10
4662 10
4663 10
4664 10
4665 10
4666 10
4667 10
4668 10
4669 10
4670 10
4671 10
4672 10
4673 10
4674 10
4675 10
4676 10
4677 10
4678 10
4679 10
4680 10
4681 10
4682 10
4683 10
4684 10
4685 10
4686 10
4687 10
4688 10
4689 10
4690 10
4691 10
4692 10
4693 10
4694 10
4695 10
4696 10
4697 10
4698 10
4699 10
4700 10
4701 10
4702 10
4703 10
4704 10
4705 10
4706 10
4707 10
4708 10
4709 10
4710 10
4711 10
4712 10
4713 10
4714 10
4715 10
4716 10
4717 10
4718 10
4719 10
4720 10
4721 10
4722 10
4723 10
4724 10
4725 10
4726 10
4727 10
4728 10
4729 10
4730 10
4731 10
4732 10
4733 10
4734 10
4735 10
4736 10
4737 10
4738 10
4739 10
4740 10
4741 10
4742 10
4743 10
4744 10
4745 10
4746 10
4747 10
4748 10
4749 10
4750 10
4751 10
4752 10
4753 10
4754 10
4755 10
4756 10
4757 10
4758 10
4759 10
4760 10
4761 10
4762 10
4763 10
4764 10
4765 10
4766 10
4767 10
4768 10
4769 10
4770 10
4771 10
4772 10
4773 10
4774 10
4775 10
4776 10
4777 10
4778 10
4779 10
4780 10
4781 10
4782 10
4783 10
4784 10
4785 10
4786 10
4787 10
4788 10
4789 10
4790 10
4791 10
4792 10
4793 10
4794 10
4795 10
4796 10
4797 10
4798 10
4799 10
4800 10
4801 10
4802 10
4803 10
4804 10
4805 10
4806 10
4807 10
4808 10
4809 10
4810 10
4811 10
4812 10
4813 10
4814 10
4815 10
4816 10
4817 10
4818 10
4819 10
4820 10
4821 10
4822 10
4823 10
4824 10
4825 10
4826 10
4827 10
4828 10
4829 10
4830 10
4831 10
4832 10
4833 10
4834 10
4835 10
4836 10
4837 10
4838 10
4839 10
4840 10
4841 10
4842 10
4843 10
4844 10
4845 10
4846 10
4847 10
4848 10
4849 10
4850 10
4851 10
4852 10
4853 10
4854 10
4855 10
4856 10
4857 10
4858 10
4859 10
4860 10
4861 10
4862 10
4863 10
4864 10
4865 10
4866 10
4867 10
4868 10
4869 10
4870 10
4871 10
4872 10
4873 10
4874 10
4875 10
4876 10
4877 10
4878 10
4879 10
4880 10
4881 10
4882 10
4883 10
4884 10
4885 10
4886 10
4887 10
4888 10
4889 10
4890 10
4891 10
4892 10
4893 10
4894 10
4895 10
4896 10
4897 10
4898 10
4899 10
4900 10
4901 10
4902 10
4903 10
4904 10
4905 10
4906 10
4907 10
4908 10
4909 10
4910 10
4911 10
4912 10
4913 10
4914 10
4915 10
4916 10
4917 10
4918 10
4919 10
4920 10
4921 10
4922 10
4923 10
4924 10
4925 10
4926 10
4927 10
4928 10
4929 10
4930 10
4931 10
4932 10
4933 10
4934 10
4935 10
4936 10
4937 10
4938 10
4939 10
4940 10
4941 10
4942 10
4943 10
4944 10
4945 10
4946 10
4947 10
4948 10
4949 10
4950 10
4951 10
4952 10
4953 10
4954 10
4955 10
4956 10
4957 10
4958 10
4959 10
4960 10
4961 10
4962 10
4963 10
4964 10
4965 10
4966 10
4967 10
4968 10
4969 10
4970 10
4971 10
4972 10
4973 10
4974 10
4975 10
4976 10
4977 10
4978 10
4979 10
4980 10
4981 10
4982 10
4983 10
4984 10
4985 10
4986 10
4987 10
4988 10
4989 10
4990 10
4991 10
4992 10
4993 10
4994 10
4995 10
4996 10
4997 10
4998 10
